MATLAB is selecting SOFTWARE OPENGL rendering.
[?1h=
                                                                                          < M A T L A B (R) >
                                                                                Copyright 1984-2019 The MathWorks, Inc.
                                                                            R2019b Update 5 (9.7.0.1319299) 64-bit (glnxa64)
                                                                                           February 19, 2020

 
To get started, type doc.
For product information, visit www.mathworks.com.
 
[H[2J
dataSetPath = 

    "/mnt/sda/MLDSP-samples-r202/root"


testSetPath = 

    "/mnt/sda/MLDSP-samples-r202/rumen_mags/root"

Reading sequences .... 
Starting parallel pool (parpool) using the 'local' profile ...
Starting parallel pool (parpool) using the 'local' profile ...
Generating CGRs.... 
Computing disMat .... 
Starting parallel pool (parpool) using the 'local' profile ...
Performing classification .... 

minSeqLen =

     0


maxSeqLen =

     0

dataSet is:/mnt/sda/MLDSP-samples-r202/rumen_mags/root
numTestSeq is: 913
2
2
2
2
2
2
2
2
2
2
2
2
2
2
2
2
2
1
2
1
2
2
2
2
2
2
2
2
2
2
1
2
2
2
2
2
2
2
2
2
2
2
2
2
2
2
2
2
2
2
2
2
2
2
2
2
2
2
2
2
2
2
2
2
2
2
2
2
2
2
2
2
2
2
2
1
2
2
2
2
2
2
2
2
2
2
2
2
2
2
2
1
2
2
2
2
2
2
2
2
2
2
2
2
2
2
2
2
2
2
2
2
2
2
2
2
2
2
2
2
2
2
2
2
2
2
2
2
2
2
2
2
2
2
2
2
2
2
2
2
2
2
2
2
2
2
2
2
2
1
2
2
2
2
2
2
2
2
2
2
2
2
2
2
2
2
2
2
2
2
2
2
2
2
2
2
2
2
2
2
2
2
2
2
2
1
2
2
2
2
1
2
2
2
2
2
2
2
2
2
1
2
2
2
2
2
2
2
2
2
2
2
2
2
2
2
2
2
2
2
2
2
2
2
2
2
2
2
2
2
2
2
2
2
2
1
2
2
2
2
2
2
2
2
2
2
2
2
2
2
2
2
2
2
1
1
2
1
2
2
2
2
2
2
2
2
2
2
2
2
2
2
2
2
2
2
2
2
2
2
2
2
2
2
2
2
2
2
2
2
2
2
2
2
2
2
2
2
2
2
2
2
2
2
2
2
2
2
2
2
2
2
2
2
2
2
2
2
2
2
2
2
2
2
2
2
2
2
2
2
2
2
2
2
2
1
2
2
2
2
2
2
2
1
2
2
2
2
2
2
1
2
1
2
2
2
2
2
2
2
2
2
2
2
2
2
2
2
2
2
2
2
2
2
2
2
2
2
2
2
2
2
2
2
2
2
2
2
2
2
2
2
2
2
2
2
2
2
2
2
2
2
2
2
2
2
2
1
2
2
2
2
2
2
2
2
2
2
2
2
2
2
2
2
2
2
2
2
2
2
2
2
2
2
2
2
2
2
2
2
2
2
2
1
2
2
2
2
2
2
2
2
2
2
2
2
2
2
2
2
2
2
2
2
2
1
2
2
2
2
2
2
2
2
2
2
2
2
2
2
2
2
2
2
2
2
2
2
2
2
2
2
2
2
2
2
2
2
2
2
2
2
2
2
2
2
2
2
2
2
2
2
2
2
2
2
2
2
2
2
2
2
2
2
2
1
2
2
2
2
2
2
2
2
2
2
2
2
2
2
2
2
2
2
1
2
2
2
2
2
2
2
2
2
2
2
2
2
2
2
2
2
2
2
2
2
1
2
2
2
2
2
2
2
2
2
2
2
2
2
2
2
2
2
2
2
2
2
2
2
2
2
1
2
2
2
2
2
2
2
2
2
2
2
2
2
2
2
2
2
2
2
2
2
2
2
2
2
2
2
2
2
2
2
2
2
2
2
2
2
2
2
2
2
2
2
2
2
2
2
2
1
2
2
2
2
2
1
2
1
2
1
2
2
2
2
2
2
2
2
1
2
2
2
2
2
2
2
2
2
2
2
2
2
1
2
2
2
2
2
2
2
2
2
2
2
2
2
2
2
2
2
2
2
2
2
2
2
2
2
2
2
2
2
2
2
2
2
2
2
2
2
2
2
2
2
2
2
2
2
2
2
2
2
2
2
2
2
2
2
2
2
2
2
2
2
2
2
2
2
2
2
2
2
2
2
2
1
2
2
2
2
2
2
2
2
2
2
2
2
2
2
2
2
2
2
2
2
2
2
2
2
2
2
2
2
2
2
2
2
2
2
2
2
2
2
1
2
2
2
2
2
2
2
2
2
2
2
2
2
2
2
2
2
2
2
2
2
2
2
2
2
2
2
2
2
2
2
2
2
2
2
1
2
2
2
2
2
2
2
2
2
2
2
2
2
2
2
2
2
2
2
2
1
2
2
2
2
2
2
2
2
2
2
2
2
2
2
2
2
2
2
2
2
2
2
2
2
2
2
2
2
2
2
2
2
2
2
2
2
2
2
2
2
2
2
2
2
2
2
2
2
2
2
2
2
2
2
2
2
2
2
2
2
2
2
2
2
2
2
2
2
2

clusterNames =

  1x2 cell array

    {'1-d__Archaea'}    {'d__Bacteria'}


clusterNames =

  1x2 cell array

    {'1-d__Archaea'}    {'2-d__Bacteria'}

    '1-d__Archaea'    '2-d__Bacteria'


header =

  1x3 cell array

    {'1-d__Archaea'}    {'2-d__Bacteria'}    {'prediction'}


T3 =

  913x3 table

                     1-d__Archaea    2-d__Bacteria    prediction
                     ____________    _____________    __________

    RUG001.fasta       0.0034892        0.99651           2     
    RUG002.fasta        0.035011        0.96499           2     
    RUG003.fasta        0.020863        0.97914           2     
    RUG004.fasta       0.0017975         0.9982           2     
    RUG005.fasta       0.0006402        0.99936           2     
    RUG006.fasta        0.010464        0.98954           2     
    RUG007.fasta        0.033025        0.96698           2     
    RUG008.fasta       0.0026111        0.99739           2     
    RUG009.fasta         0.14707        0.85293           2     
    RUG010.fasta        0.024552        0.97545           2     
    RUG011.fasta         0.33191        0.66809           2     
    RUG012.fasta         0.35312        0.64688           2     
    RUG013.fasta       0.0030908        0.99691           2     
    RUG014.fasta       0.0012924        0.99871           2     
    RUG015.fasta        0.070836        0.92916           2     
    RUG016.fasta        0.015524        0.98448           2     
    RUG017.fasta        0.016031        0.98397           2     
    RUG018.fasta         0.81929        0.18071           1     
    RUG019.fasta        0.002907        0.99709           2     
    RUG020.fasta         0.96668       0.033324           1     
    RUG021.fasta      0.00074833        0.99925           2     
    RUG022.fasta        0.032647        0.96735           2     
    RUG023.fasta        0.081848        0.91815           2     
    RUG024.fasta        0.007161        0.99284           2     
    RUG025.fasta          0.0252         0.9748           2     
    RUG026.fasta        0.031914        0.96809           2     
    RUG027.fasta        0.022039        0.97796           2     
    RUG028.fasta      9.6649e-05         0.9999           2     
    RUG029.fasta        0.018619        0.98138           2     
    RUG030.fasta       0.0038709        0.99613           2     
    RUG031.fasta          0.7917         0.2083           1     
    RUG032.fasta       0.0072171        0.99278           2     
    RUG033.fasta       0.0027876        0.99721           2     
    RUG034.fasta        0.052193        0.94781           2     
    RUG035.fasta        0.058549        0.94145           2     
    RUG036.fasta        0.064607        0.93539           2     
    RUG037.fasta        0.012023        0.98798           2     
    RUG038.fasta       0.0001204        0.99988           2     
    RUG039.fasta        0.007507        0.99249           2     
    RUG040.fasta       0.0065198        0.99348           2     
    RUG041.fasta       0.0018875        0.99811           2     
    RUG042.fasta       0.0025867        0.99741           2     
    RUG043.fasta      0.00093064        0.99907           2     
    RUG044.fasta       0.0049551        0.99504           2     
    RUG045.fasta      4.6118e-05        0.99995           2     
    RUG046.fasta       0.0096793        0.99032           2     
    RUG047.fasta        0.026526        0.97347           2     
    RUG048.fasta      2.0896e-06              1           2     
    RUG049.fasta      0.00010614        0.99989           2     
    RUG050.fasta      2.0374e-05        0.99998           2     
    RUG051.fasta      6.3593e-05        0.99994           2     
    RUG052.fasta      0.00013538        0.99986           2     
    RUG053.fasta        0.000104         0.9999           2     
    RUG054.fasta      0.00049006        0.99951           2     
    RUG055.fasta       0.0099766        0.99002           2     
    RUG056.fasta        0.012511        0.98749           2     
    RUG057.fasta       0.0039688        0.99603           2     
    RUG058.fasta        0.017697         0.9823           2     
    RUG059.fasta        0.027496         0.9725           2     
    RUG060.fasta        0.034719        0.96528           2     
    RUG061.fasta        0.037706        0.96229           2     
    RUG062.fasta        0.012833        0.98717           2     
    RUG063.fasta        0.017864        0.98214           2     
    RUG064.fasta        0.026105         0.9739           2     
    RUG065.fasta        0.020639        0.97936           2     
    RUG066.fasta        0.015695        0.98431           2     
    RUG067.fasta      0.00091212        0.99909           2     
    RUG068.fasta      8.7066e-06        0.99999           2     
    RUG069.fasta        0.015278        0.98472           2     
    RUG070.fasta         0.14195        0.85805           2     
    RUG071.fasta        0.061394        0.93861           2     
    RUG072.fasta       0.0046147        0.99539           2     
    RUG073.fasta       0.0048166        0.99518           2     
    RUG074.fasta        0.027664        0.97234           2     
    RUG075.fasta      0.00022327        0.99978           2     
    RUG076.fasta         0.69926        0.30074           1     
    RUG077.fasta       0.0011812        0.99882           2     
    RUG078.fasta        0.040041        0.95996           2     
    RUG079.fasta       0.0036262        0.99637           2     
    RUG080.fasta        0.010693        0.98931           2     
    RUG081.fasta        0.029184        0.97082           2     
    RUG082.fasta      1.6196e-07              1           2     
    RUG083.fasta       0.0089375        0.99106           2     
    RUG084.fasta       0.0044611        0.99554           2     
    RUG085.fasta       0.0034761        0.99652           2     
    RUG086.fasta        0.018244        0.98176           2     
    RUG087.fasta        0.056691        0.94331           2     
    RUG088.fasta       0.0061999         0.9938           2     
    RUG089.fasta        0.073598         0.9264           2     
    RUG090.fasta      0.00080421         0.9992           2     
    RUG091.fasta        0.038159        0.96184           2     
    RUG092.fasta         0.76952        0.23048           1     
    RUG093.fasta        0.012421        0.98758           2     
    RUG094.fasta      0.00055527        0.99944           2     
    RUG095.fasta      0.00038933        0.99961           2     
    RUG096.fasta        0.031316        0.96868           2     
    RUG097.fasta        0.003163        0.99684           2     
    RUG098.fasta       0.0017957         0.9982           2     
    RUG099.fasta        0.046753        0.95325           2     
    RUG100.fasta      0.00056179        0.99944           2     
    RUG101.fasta       0.0098448        0.99016           2     
    RUG102.fasta       0.0041973         0.9958           2     
    RUG103.fasta      5.0497e-05        0.99995           2     
    RUG104.fasta       0.0010398        0.99896           2     
    RUG105.fasta       0.0025141        0.99749           2     
    RUG106.fasta        0.033599         0.9664           2     
    RUG107.fasta       0.0051852        0.99481           2     
    RUG108.fasta        0.016016        0.98398           2     
    RUG109.fasta       0.0059382        0.99406           2     
    RUG110.fasta        0.061112        0.93889           2     
    RUG111.fasta      0.00011232        0.99989           2     
    RUG112.fasta         0.12204        0.87796           2     
    RUG113.fasta      7.2991e-07              1           2     
    RUG114.fasta       0.0064749        0.99353           2     
    RUG115.fasta      0.00027897        0.99972           2     
    RUG116.fasta        0.029897         0.9701           2     
    RUG117.fasta        0.011474        0.98853           2     
    RUG118.fasta      0.00012449        0.99988           2     
    RUG119.fasta        0.018904         0.9811           2     
    RUG120.fasta         0.33402        0.66598           2     
    RUG121.fasta         0.38513        0.61487           2     
    RUG122.fasta        0.012308        0.98769           2     
    RUG123.fasta        0.017944        0.98206           2     
    RUG124.fasta        0.078818        0.92118           2     
    RUG125.fasta        0.010698         0.9893           2     
    RUG126.fasta        0.038944        0.96106           2     
    RUG127.fasta       0.0057629        0.99424           2     
    RUG128.fasta        0.013947        0.98605           2     
    RUG129.fasta       0.0079005         0.9921           2     
    RUG130.fasta       0.0039556        0.99604           2     
    RUG131.fasta       0.0023023         0.9977           2     
    RUG132.fasta       0.0076267        0.99237           2     
    RUG133.fasta      0.00034809        0.99965           2     
    RUG134.fasta        0.042783        0.95722           2     
    RUG135.fasta      0.00036908        0.99963           2     
    RUG136.fasta       0.0095727        0.99043           2     
    RUG137.fasta        0.023934        0.97607           2     
    RUG138.fasta       0.0030023          0.997           2     
    RUG139.fasta        0.068122        0.93188           2     
    RUG140.fasta       0.0035027         0.9965           2     
    RUG141.fasta         0.23332        0.76668           2     
    RUG142.fasta        0.012622        0.98738           2     
    RUG143.fasta        0.066719        0.93328           2     
    RUG144.fasta        0.013188        0.98681           2     
    RUG145.fasta         0.28245        0.71755           2     
    RUG146.fasta       0.0023605        0.99764           2     
    RUG147.fasta      0.00011636        0.99988           2     
    RUG148.fasta       0.0089645        0.99104           2     
    RUG149.fasta       0.0023612        0.99764           2     
    RUG150.fasta         0.69855        0.30145           1     
    RUG151.fasta       0.0014831        0.99852           2     
    RUG152.fasta       0.0052592        0.99474           2     
    RUG153.fasta        0.030586        0.96941           2     
    RUG154.fasta      0.00095183        0.99905           2     
    RUG155.fasta      0.00061463        0.99939           2     
    RUG156.fasta        0.040598         0.9594           2     
    RUG157.fasta        0.037079        0.96292           2     
    RUG158.fasta       0.0015002         0.9985           2     
    RUG159.fasta       0.0012577        0.99874           2     
    RUG160.fasta        0.016461        0.98354           2     
    RUG161.fasta           0.167          0.833           2     
    RUG162.fasta       0.0014524        0.99855           2     
    RUG163.fasta         0.12478        0.87522           2     
    RUG164.fasta       0.0042004         0.9958           2     
    RUG165.fasta        0.055857        0.94414           2     
    RUG166.fasta       0.0013571        0.99864           2     
    RUG167.fasta        0.027929        0.97207           2     
    RUG168.fasta        0.021812        0.97819           2     
    RUG169.fasta        0.080071        0.91993           2     
    RUG170.fasta        0.028256        0.97174           2     
    RUG171.fasta        0.019871        0.98013           2     
    RUG172.fasta        0.012118        0.98788           2     
    RUG173.fasta         0.01064        0.98936           2     
    RUG174.fasta        0.026991        0.97301           2     
    RUG175.fasta      0.00019376        0.99981           2     
    RUG176.fasta        0.028693        0.97131           2     
    RUG177.fasta        0.023185        0.97682           2     
    RUG178.fasta        0.033488        0.96651           2     
    RUG179.fasta       0.0046665        0.99533           2     
    RUG180.fasta      0.00077911        0.99922           2     
    RUG181.fasta      0.00090692        0.99909           2     
    RUG182.fasta        0.011307        0.98869           2     
    RUG183.fasta       0.0012953         0.9987           2     
    RUG184.fasta        0.039605        0.96039           2     
    RUG185.fasta       0.0067356        0.99326           2     
    RUG186.fasta         0.64306        0.35694           1     
    RUG187.fasta        0.073294        0.92671           2     
    RUG188.fasta       0.0024136        0.99759           2     
    RUG189.fasta       0.0057091        0.99429           2     
    RUG190.fasta      0.00022343        0.99978           2     
    RUG191.fasta         0.51073        0.48927           1     
    RUG192.fasta         0.08869        0.91131           2     
    RUG193.fasta       0.0010848        0.99892           2     
    RUG194.fasta        0.026048        0.97395           2     
    RUG195.fasta        0.015431        0.98457           2     
    RUG196.fasta        0.017223        0.98278           2     
    RUG197.fasta        0.017309        0.98269           2     
    RUG198.fasta       0.0022811        0.99772           2     
    RUG199.fasta      5.8516e-07              1           2     
    RUG200.fasta        0.045707        0.95429           2     
    RUG201.fasta         0.92624       0.073759           1     
    RUG202.fasta       0.0024007         0.9976           2     
    RUG203.fasta       0.0015311        0.99847           2     
    RUG204.fasta         0.11299        0.88701           2     
    RUG205.fasta        0.004041        0.99596           2     
    RUG206.fasta       0.0084492        0.99155           2     
    RUG207.fasta         0.10246        0.89754           2     
    RUG208.fasta          0.2647         0.7353           2     
    RUG209.fasta       0.0067731        0.99323           2     
    RUG210.fasta      0.00048228        0.99952           2     
    RUG211.fasta      0.00056301        0.99944           2     
    RUG212.fasta       0.0035679        0.99643           2     
    RUG213.fasta       0.0013226        0.99868           2     
    RUG214.fasta         0.14978        0.85022           2     
    RUG215.fasta      0.00074876        0.99925           2     
    RUG216.fasta       0.0056173        0.99438           2     
    RUG217.fasta      0.00084393        0.99916           2     
    RUG218.fasta      0.00067777        0.99932           2     
    RUG219.fasta        0.021121        0.97888           2     
    RUG220.fasta      0.00061055        0.99939           2     
    RUG221.fasta      5.7555e-07              1           2     
    RUG222.fasta        0.016296         0.9837           2     
    RUG223.fasta       0.0068496        0.99315           2     
    RUG224.fasta        0.014665        0.98534           2     
    RUG225.fasta        0.017849        0.98215           2     
    RUG226.fasta        0.022123        0.97788           2     
    RUG227.fasta      0.00023411        0.99977           2     
    RUG228.fasta        0.064891        0.93511           2     
    RUG229.fasta      0.00036517        0.99963           2     
    RUG230.fasta      0.00033119        0.99967           2     
    RUG231.fasta       0.0027305        0.99727           2     
    RUG232.fasta         0.02798        0.97202           2     
    RUG233.fasta         0.01594        0.98406           2     
    RUG234.fasta        0.053122        0.94688           2     
    RUG235.fasta      0.00031102        0.99969           2     
    RUG236.fasta         0.66378        0.33622           1     
    RUG237.fasta      2.1116e-06              1           2     
    RUG238.fasta         0.21216        0.78784           2     
    RUG239.fasta       0.0039982          0.996           2     
    RUG240.fasta      0.00017421        0.99983           2     
    RUG241.fasta       0.0074291        0.99257           2     
    RUG242.fasta        0.067287        0.93271           2     
    RUG243.fasta        0.053125        0.94688           2     
    RUG244.fasta        0.011145        0.98886           2     
    RUG245.fasta       0.0016639        0.99834           2     
    RUG246.fasta       0.0045091        0.99549           2     
    RUG247.fasta        0.042747        0.95725           2     
    RUG248.fasta        0.013771        0.98623           2     
    RUG249.fasta       0.0027445        0.99726           2     
    RUG250.fasta       0.0051509        0.99485           2     
    RUG251.fasta        0.021769        0.97823           2     
    RUG252.fasta       9.832e-06        0.99999           2     
    RUG253.fasta        0.001951        0.99805           2     
    RUG254.fasta      0.00044404        0.99956           2     
    RUG255.fasta         0.56502        0.43498           1     
    RUG256.fasta          0.7372         0.2628           1     
    RUG257.fasta         0.01098        0.98902           2     
    RUG258.fasta         0.58287        0.41713           1     
    RUG259.fasta       0.0025389        0.99746           2     
    RUG260.fasta        0.071168        0.92883           2     
    RUG261.fasta        0.015713        0.98429           2     
    RUG262.fasta        0.017837        0.98216           2     
    RUG263.fasta      0.00090233         0.9991           2     
    RUG264.fasta         0.02923        0.97077           2     
    RUG265.fasta       0.0029287        0.99707           2     
    RUG266.fasta        0.027382        0.97262           2     
    RUG267.fasta        0.017576        0.98242           2     
    RUG268.fasta       0.0065709        0.99343           2     
    RUG269.fasta       0.0091613        0.99084           2     
    RUG270.fasta      0.00049525         0.9995           2     
    RUG271.fasta      0.00051498        0.99949           2     
    RUG272.fasta        0.016367        0.98363           2     
    RUG273.fasta         0.02548        0.97452           2     
    RUG274.fasta      0.00073234        0.99927           2     
    RUG275.fasta        0.023698         0.9763           2     
    RUG276.fasta       0.0069263        0.99307           2     
    RUG277.fasta      0.00075599        0.99924           2     
    RUG278.fasta        0.012715        0.98729           2     
    RUG279.fasta        0.083656        0.91634           2     
    RUG280.fasta        0.014836        0.98516           2     
    RUG281.fasta       0.0033899        0.99661           2     
    RUG282.fasta      0.00053275        0.99947           2     
    RUG283.fasta       0.0068258        0.99317           2     
    RUG284.fasta       0.0058343        0.99417           2     
    RUG285.fasta       0.0017625        0.99824           2     
    RUG286.fasta        0.014229        0.98577           2     
    RUG287.fasta        0.053062        0.94694           2     
    RUG288.fasta        0.062924        0.93708           2     
    RUG289.fasta      0.00017464        0.99983           2     
    RUG290.fasta       0.0035541        0.99645           2     
    RUG291.fasta       0.0022358        0.99776           2     
    RUG292.fasta       0.0041326        0.99587           2     
    RUG293.fasta         0.14669        0.85331           2     
    RUG294.fasta       0.0026604        0.99734           2     
    RUG295.fasta         0.05552        0.94448           2     
    RUG296.fasta       0.0068447        0.99316           2     
    RUG297.fasta       0.0013738        0.99863           2     
    RUG298.fasta      5.9108e-06        0.99999           2     
    RUG299.fasta      0.00025422        0.99975           2     
    RUG300.fasta       0.0089095        0.99109           2     
    RUG301.fasta        0.006972        0.99303           2     
    RUG302.fasta        0.091399         0.9086           2     
    RUG303.fasta      6.7805e-05        0.99993           2     
    RUG304.fasta      0.00014011        0.99986           2     
    RUG305.fasta      0.00016278        0.99984           2     
    RUG306.fasta       0.0012827        0.99872           2     
    RUG307.fasta        0.010266        0.98973           2     
    RUG308.fasta       0.0015346        0.99847           2     
    RUG309.fasta        0.011379        0.98862           2     
    RUG310.fasta        0.010594        0.98941           2     
    RUG311.fasta      1.1491e-05        0.99999           2     
    RUG312.fasta       0.0077363        0.99226           2     
    RUG313.fasta      0.00034647        0.99965           2     
    RUG314.fasta        0.001816        0.99818           2     
    RUG315.fasta        0.053488        0.94651           2     
    RUG316.fasta       0.0025964         0.9974           2     
    RUG317.fasta        0.090617        0.90938           2     
    RUG318.fasta        0.021195        0.97881           2     
    RUG319.fasta       0.0017625        0.99824           2     
    RUG320.fasta      0.00010085         0.9999           2     
    RUG321.fasta       0.0099165        0.99008           2     
    RUG322.fasta       0.0026984         0.9973           2     
    RUG323.fasta        0.017368        0.98263           2     
    RUG324.fasta       0.0039365        0.99606           2     
    RUG325.fasta        0.027908        0.97209           2     
    RUG326.fasta        0.027708        0.97229           2     
    RUG327.fasta       0.0010459        0.99895           2     
    RUG328.fasta       0.0072058        0.99279           2     
    RUG329.fasta        0.024403         0.9756           2     
    RUG330.fasta        0.010508        0.98949           2     
    RUG331.fasta       0.0017376        0.99826           2     
    RUG332.fasta      3.9489e-06              1           2     
    RUG333.fasta       0.0035977         0.9964           2     
    RUG334.fasta        0.028232        0.97177           2     
    RUG335.fasta        0.029686        0.97031           2     
    RUG336.fasta         0.75176        0.24824           1     
    RUG337.fasta        0.035426        0.96457           2     
    RUG338.fasta         0.41737        0.58263           2     
    RUG339.fasta         0.10965        0.89035           2     
    RUG340.fasta      0.00012935        0.99987           2     
    RUG341.fasta      0.00045153        0.99955           2     
    RUG342.fasta       0.0017463        0.99825           2     
    RUG343.fasta        0.093719        0.90628           2     
    RUG344.fasta         0.89703        0.10297           1     
    RUG345.fasta       0.0014105        0.99859           2     
    RUG346.fasta       0.0084298        0.99157           2     
    RUG347.fasta      0.00029539         0.9997           2     
    RUG348.fasta        0.031322        0.96868           2     
    RUG349.fasta        0.010096         0.9899           2     
    RUG350.fasta       0.0026318        0.99737           2     
    RUG351.fasta         0.59138        0.40862           1     
    RUG352.fasta       0.0094164        0.99058           2     
    RUG353.fasta         0.51115        0.48885           1     
    RUG354.fasta        0.090611        0.90939           2     
    RUG355.fasta        0.021299         0.9787           2     
    RUG356.fasta      0.00023907        0.99976           2     
    RUG357.fasta       0.0019096        0.99809           2     
    RUG358.fasta       0.0023577        0.99764           2     
    RUG359.fasta        0.014689        0.98531           2     
    RUG360.fasta        0.033754        0.96625           2     
    RUG361.fasta       0.0072252        0.99277           2     
    RUG362.fasta       0.0066596        0.99334           2     
    RUG363.fasta      1.1523e-05        0.99999           2     
    RUG364.fasta        0.033358        0.96664           2     
    RUG365.fasta      0.00078022        0.99922           2     
    RUG366.fasta        0.030846        0.96915           2     
    RUG367.fasta         0.14564        0.85436           2     
    RUG368.fasta        0.006454        0.99355           2     
    RUG369.fasta        0.058933        0.94107           2     
    RUG370.fasta       0.0012558        0.99874           2     
    RUG371.fasta       0.0020845        0.99792           2     
    RUG372.fasta       0.0045396        0.99546           2     
    RUG373.fasta        0.013619        0.98638           2     
    RUG374.fasta       0.0026181        0.99738           2     
    RUG375.fasta       0.0042041         0.9958           2     
    RUG376.fasta        0.044723        0.95528           2     
    RUG377.fasta        0.054867        0.94513           2     
    RUG378.fasta         0.13277        0.86723           2     
    RUG379.fasta        0.010295         0.9897           2     
    RUG380.fasta        0.018304         0.9817           2     
    RUG381.fasta       0.0030408        0.99696           2     
    RUG382.fasta       0.0025346        0.99747           2     
    RUG383.fasta          0.0782         0.9218           2     
    RUG384.fasta       0.0037683        0.99623           2     
    RUG385.fasta      0.00057485        0.99943           2     
    RUG386.fasta        0.023305        0.97669           2     
    RUG387.fasta        0.013373        0.98663           2     
    RUG388.fasta      0.00037863        0.99962           2     
    RUG389.fasta      0.00012835        0.99987           2     
    RUG390.fasta       0.0010983         0.9989           2     
    RUG391.fasta       0.0024759        0.99752           2     
    RUG392.fasta        0.026221        0.97378           2     
    RUG393.fasta         0.17593        0.82407           2     
    RUG394.fasta         0.10549        0.89451           2     
    RUG395.fasta       0.0037197        0.99628           2     
    RUG396.fasta        0.049315        0.95068           2     
    RUG397.fasta         0.10897        0.89103           2     
    RUG398.fasta       0.0091781        0.99082           2     
    RUG399.fasta      0.00020715        0.99979           2     
    RUG400.fasta        0.011495         0.9885           2     
    RUG401.fasta        0.011863        0.98814           2     
    RUG402.fasta      0.00042257        0.99958           2     
    RUG403.fasta        0.008213        0.99179           2     
    RUG404.fasta      8.7124e-06        0.99999           2     
    RUG405.fasta       0.0036318        0.99637           2     
    RUG406.fasta       0.0019644        0.99804           2     
    RUG407.fasta       0.0015843        0.99842           2     
    RUG408.fasta         0.59542        0.40458           1     
    RUG409.fasta       0.0038513        0.99615           2     
    RUG410.fasta      0.00012925        0.99987           2     
    RUG411.fasta       0.0015426        0.99846           2     
    RUG412.fasta       0.0092336        0.99077           2     
    RUG413.fasta        0.015328        0.98467           2     
    RUG414.fasta       0.0079435        0.99206           2     
    RUG415.fasta        0.041646        0.95835           2     
    RUG416.fasta      0.00079865         0.9992           2     
    RUG417.fasta       0.0023952         0.9976           2     
    RUG418.fasta        0.024619        0.97538           2     
    RUG419.fasta        0.020897         0.9791           2     
    RUG420.fasta      7.4403e-05        0.99993           2     
    RUG421.fasta        0.001806        0.99819           2     
    RUG422.fasta      0.00082934        0.99917           2     
    RUG423.fasta         0.01295        0.98705           2     
    RUG424.fasta        0.062464        0.93754           2     
    RUG425.fasta        0.041572        0.95843           2     
    RUG426.fasta      0.00047022        0.99953           2     
    RUG427.fasta      0.00040563        0.99959           2     
    RUG428.fasta        0.028461        0.97154           2     
    RUG429.fasta        0.016386        0.98361           2     
    RUG430.fasta        0.017085        0.98291           2     
    RUG431.fasta       0.0038232        0.99618           2     
    RUG432.fasta       1.998e-07              1           2     
    RUG433.fasta        0.022494        0.97751           2     
    RUG434.fasta       0.0064144        0.99359           2     
    RUG435.fasta       0.0085862        0.99141           2     
    RUG436.fasta         0.11786        0.88214           2     
    RUG437.fasta       0.0014072        0.99859           2     
    RUG438.fasta      0.00087887        0.99912           2     
    RUG439.fasta      5.0793e-06        0.99999           2     
    RUG440.fasta         0.19305        0.80695           2     
    RUG441.fasta         0.01554        0.98446           2     
    RUG442.fasta        0.059721        0.94028           2     
    RUG443.fasta       0.0035881        0.99641           2     
    RUG444.fasta         0.57803        0.42197           1     
    RUG445.fasta       0.0042592        0.99574           2     
    RUG446.fasta        0.012878        0.98712           2     
    RUG447.fasta        0.011472        0.98853           2     
    RUG448.fasta        0.076061        0.92394           2     
    RUG449.fasta       0.0012014         0.9988           2     
    RUG450.fasta       0.0016555        0.99834           2     
    RUG451.fasta         0.01421        0.98579           2     
    RUG452.fasta       0.0034595        0.99654           2     
    RUG453.fasta      2.0665e-05        0.99998           2     
    RUG454.fasta       0.0085289        0.99147           2     
    RUG455.fasta        0.005997          0.994           2     
    RUG456.fasta       0.0038539        0.99615           2     
    RUG457.fasta        0.048977        0.95102           2     
    RUG458.fasta       0.0035428        0.99646           2     
    RUG459.fasta        0.045719        0.95428           2     
    RUG460.fasta       0.0083053        0.99169           2     
    RUG461.fasta       0.0064906        0.99351           2     
    RUG462.fasta        0.012398         0.9876           2     
    RUG463.fasta       0.0011027         0.9989           2     
    RUG464.fasta        0.002205        0.99779           2     
    RUG465.fasta        0.045512        0.95449           2     
    RUG466.fasta         0.56866        0.43134           1     
    RUG467.fasta      0.00014041        0.99986           2     
    RUG468.fasta       0.0006537        0.99935           2     
    RUG469.fasta        0.001941        0.99806           2     
    RUG470.fasta        0.099539        0.90046           2     
    RUG471.fasta       0.0045303        0.99547           2     
    RUG472.fasta        0.004004          0.996           2     
    RUG473.fasta         0.03999        0.96001           2     
    RUG474.fasta        0.015571        0.98443           2     
    RUG475.fasta        0.002707        0.99729           2     
    RUG476.fasta       0.0037195        0.99628           2     
    RUG477.fasta       0.0014265        0.99857           2     
    RUG478.fasta        0.001123        0.99888           2     
    RUG479.fasta        0.054056        0.94594           2     
    RUG480.fasta         0.02119        0.97881           2     
    RUG481.fasta         0.01866        0.98134           2     
    RUG482.fasta         0.13064        0.86936           2     
    RUG483.fasta        0.082742        0.91726           2     
    RUG484.fasta      0.00038368        0.99962           2     
    RUG485.fasta        0.008868        0.99113           2     
    RUG486.fasta       0.0020215        0.99798           2     
    RUG487.fasta       0.0047532        0.99525           2     
    RUG488.fasta       0.0098686        0.99013           2     
    RUG489.fasta         0.15723        0.84277           2     
    RUG490.fasta         0.10325        0.89675           2     
    RUG491.fasta         0.15122        0.84878           2     
    RUG492.fasta         0.21333        0.78667           2     
    RUG493.fasta       0.0035918        0.99641           2     
    RUG494.fasta        0.092596         0.9074           2     
    RUG495.fasta       0.0029313        0.99707           2     
    RUG496.fasta         0.10248        0.89752           2     
    RUG497.fasta        0.010659        0.98934           2     
    RUG498.fasta       2.106e-07              1           2     
    RUG499.fasta      4.6803e-05        0.99995           2     
    RUG500.fasta        0.041289        0.95871           2     
    RUG501.fasta       0.0095924        0.99041           2     
    RUG502.fasta      0.00048628        0.99951           2     
    RUG503.fasta      2.0435e-05        0.99998           2     
    RUG504.fasta        0.088672        0.91133           2     
    RUG505.fasta       0.0068011         0.9932           2     
    RUG506.fasta        0.010891        0.98911           2     
    RUG507.fasta        0.011153        0.98885           2     
    RUG508.fasta       0.0019134        0.99809           2     
    RUG509.fasta      0.00051619        0.99948           2     
    RUG510.fasta        0.098379        0.90162           2     
    RUG511.fasta      8.8881e-05        0.99991           2     
    RUG512.fasta      0.00011448        0.99989           2     
    RUG513.fasta       0.0004671        0.99953           2     
    RUG514.fasta      9.2425e-05        0.99991           2     
    RUG515.fasta         0.02847        0.97153           2     
    RUG516.fasta        0.079793        0.92021           2     
    RUG517.fasta       0.0080697        0.99193           2     
    RUG518.fasta      0.00011852        0.99988           2     
    RUG519.fasta         0.11134        0.88866           2     
    RUG520.fasta        0.026368        0.97363           2     
    RUG521.fasta      0.00034754        0.99965           2     
    RUG522.fasta        0.023943        0.97606           2     
    RUG523.fasta       0.0017244        0.99828           2     
    RUG524.fasta      8.5674e-05        0.99991           2     
    RUG525.fasta         0.20509        0.79491           2     
    RUG526.fasta         0.66247        0.33753           1     
    RUG527.fasta        0.026071        0.97393           2     
    RUG528.fasta       0.0030205        0.99698           2     
    RUG529.fasta      0.00023938        0.99976           2     
    RUG530.fasta       0.0013417        0.99866           2     
    RUG531.fasta       0.0043434        0.99566           2     
    RUG532.fasta       0.0097444        0.99026           2     
    RUG533.fasta         0.01124        0.98876           2     
    RUG534.fasta      0.00095914        0.99904           2     
    RUG535.fasta        0.013785        0.98621           2     
    RUG536.fasta       0.0034078        0.99659           2     
    RUG537.fasta        2.37e-06              1           2     
    RUG538.fasta        0.020101         0.9799           2     
    RUG539.fasta        0.012002          0.988           2     
    RUG540.fasta       0.0029892        0.99701           2     
    RUG541.fasta       0.0044709        0.99553           2     
    RUG542.fasta      8.9806e-08              1           2     
    RUG543.fasta      0.00056584        0.99943           2     
    RUG544.fasta      0.00013202        0.99987           2     
    RUG545.fasta         0.83653        0.16347           1     
    RUG546.fasta        0.017931        0.98207           2     
    RUG547.fasta       0.0065726        0.99343           2     
    RUG548.fasta        0.011345        0.98866           2     
    RUG549.fasta        0.010221        0.98978           2     
    RUG550.fasta        0.041938        0.95806           2     
    RUG551.fasta         0.10443        0.89557           2     
    RUG552.fasta       0.0029895        0.99701           2     
    RUG553.fasta       0.0015367        0.99846           2     
    RUG554.fasta      0.00041173        0.99959           2     
    RUG555.fasta      2.5783e-05        0.99997           2     
    RUG556.fasta       0.0016148        0.99839           2     
    RUG557.fasta      6.7816e-05        0.99993           2     
    RUG558.fasta       0.0096378        0.99036           2     
    RUG559.fasta         0.10017        0.89983           2     
    RUG560.fasta      1.7497e-05        0.99998           2     
    RUG561.fasta      6.2918e-05        0.99994           2     
    RUG562.fasta        0.012284        0.98772           2     
    RUG563.fasta      4.1382e-05        0.99996           2     
    RUG564.fasta        0.024672        0.97533           2     
    RUG565.fasta       0.0011735        0.99883           2     
    RUG566.fasta       0.0018623        0.99814           2     
    RUG567.fasta         0.58053        0.41947           1     
    RUG568.fasta        0.079156        0.92084           2     
    RUG569.fasta         0.10549        0.89451           2     
    RUG570.fasta       0.0065944        0.99341           2     
    RUG571.fasta       0.0034498        0.99655           2     
    RUG572.fasta      0.00017132        0.99983           2     
    RUG573.fasta       0.0011745        0.99883           2     
    RUG574.fasta        0.010387        0.98961           2     
    RUG575.fasta        0.010264        0.98974           2     
    RUG576.fasta         0.01173        0.98827           2     
    RUG577.fasta        0.041489        0.95851           2     
    RUG578.fasta      5.0742e-05        0.99995           2     
    RUG579.fasta         0.10708        0.89292           2     
    RUG580.fasta      0.00015357        0.99985           2     
    RUG581.fasta       0.0021943        0.99781           2     
    RUG582.fasta        0.010121        0.98988           2     
    RUG583.fasta       0.0096912        0.99031           2     
    RUG584.fasta       0.0024103        0.99759           2     
    RUG585.fasta        0.012013        0.98799           2     
    RUG586.fasta         0.10246        0.89754           2     
    RUG587.fasta       0.0015799        0.99842           2     
    RUG588.fasta       0.0014274        0.99857           2     
    RUG589.fasta        0.033555        0.96645           2     
    RUG590.fasta        0.001661        0.99834           2     
    RUG591.fasta       0.0088873        0.99111           2     
    RUG592.fasta       0.0027376        0.99726           2     
    RUG593.fasta         0.82821        0.17179           1     
    RUG594.fasta       0.0029587        0.99704           2     
    RUG595.fasta      0.00018914        0.99981           2     
    RUG596.fasta       0.0087488        0.99125           2     
    RUG597.fasta      4.9391e-05        0.99995           2     
    RUG598.fasta       0.0099042         0.9901           2     
    RUG599.fasta        0.017813        0.98219           2     
    RUG600.fasta       0.0037598        0.99624           2     
    RUG601.fasta      2.0102e-05        0.99998           2     
    RUG602.fasta        0.027782        0.97222           2     
    RUG603.fasta        0.021862        0.97814           2     
    RUG604.fasta       0.0051843        0.99482           2     
    RUG605.fasta       0.0016038         0.9984           2     
    RUG606.fasta         0.11496        0.88504           2     
    RUG607.fasta       0.0046686        0.99533           2     
    RUG608.fasta      1.7173e-05        0.99998           2     
    RUG609.fasta        6.94e-06        0.99999           2     
    RUG610.fasta       0.0027897        0.99721           2     
    RUG611.fasta       0.0017116        0.99829           2     
    RUG612.fasta       0.0025537        0.99745           2     
    RUG613.fasta      0.00037078        0.99963           2     
    RUG614.fasta        0.020827        0.97917           2     
    RUG615.fasta       0.0019043         0.9981           2     
    RUG616.fasta      0.00042747        0.99957           2     
    RUG617.fasta      2.6696e-05        0.99997           2     
    RUG618.fasta      0.00026453        0.99974           2     
    RUG619.fasta      0.00069167        0.99931           2     
    RUG620.fasta         0.11346        0.88654           2     
    RUG621.fasta       0.0052618        0.99474           2     
    RUG622.fasta       0.0067612        0.99324           2     
    RUG623.fasta      0.00012096        0.99988           2     
    RUG624.fasta        0.013501         0.9865           2     
    RUG625.fasta       0.0020616        0.99794           2     
    RUG626.fasta        0.056124        0.94388           2     
    RUG627.fasta      4.1385e-05        0.99996           2     
    RUG628.fasta      3.8359e-05        0.99996           2     
    RUG629.fasta       0.0024723        0.99753           2     
    RUG630.fasta       0.0046479        0.99535           2     
    RUG631.fasta       0.0049471        0.99505           2     
    RUG632.fasta           6e-05        0.99994           2     
    RUG633.fasta      0.00028633        0.99971           2     
    RUG634.fasta       0.0069159        0.99308           2     
    RUG635.fasta       0.0053957         0.9946           2     
    RUG636.fasta      1.0135e-07              1           2     
    RUG637.fasta      0.00053813        0.99946           2     
    RUG638.fasta       0.0052448        0.99476           2     
    RUG639.fasta       0.0071585        0.99284           2     
    RUG640.fasta       0.0076151        0.99238           2     
    RUG641.fasta      0.00065753        0.99934           2     
    RUG642.fasta         0.58639        0.41361           1     
    RUG643.fasta      0.00035393        0.99965           2     
    RUG644.fasta       0.0025291        0.99747           2     
    RUG645.fasta         0.11982        0.88018           2     
    RUG646.fasta        0.013122        0.98688           2     
    RUG647.fasta        0.011383        0.98862           2     
    RUG648.fasta         0.83045        0.16955           1     
    RUG649.fasta        0.075636        0.92436           2     
    RUG650.fasta         0.56203        0.43797           1     
    RUG651.fasta       0.0035162        0.99648           2     
    RUG652.fasta         0.54534        0.45466           1     
    RUG653.fasta        0.030728        0.96927           2     
    RUG654.fasta       0.0019705        0.99803           2     
    RUG655.fasta         0.01385        0.98615           2     
    RUG656.fasta       0.0026312        0.99737           2     
    RUG657.fasta        0.003244        0.99676           2     
    RUG658.fasta       0.0031293        0.99687           2     
    RUG659.fasta        0.037557        0.96244           2     
    RUG660.fasta        0.007388        0.99261           2     
    RUG661.fasta         0.53291        0.46709           1     
    RUG662.fasta        0.043251        0.95675           2     
    RUG663.fasta      2.5571e-05        0.99997           2     
    RUG664.fasta      0.00033839        0.99966           2     
    RUG665.fasta      0.00049193        0.99951           2     
    RUG666.fasta        0.003376        0.99662           2     
    RUG667.fasta       0.0023965         0.9976           2     
    RUG668.fasta       0.0097207        0.99028           2     
    RUG669.fasta       0.0039582        0.99604           2     
    RUG670.fasta       0.0011329        0.99887           2     
    RUG671.fasta       0.0021211        0.99788           2     
    RUG672.fasta         0.01105        0.98895           2     
    RUG673.fasta        0.030094        0.96991           2     
    RUG674.fasta      4.2875e-05        0.99996           2     
    RUG675.fasta         0.63816        0.36184           1     
    RUG676.fasta       0.0012981         0.9987           2     
    RUG677.fasta      0.00027107        0.99973           2     
    RUG678.fasta       0.0039665        0.99603           2     
    RUG679.fasta        0.037725        0.96227           2     
    RUG680.fasta         0.15719        0.84281           2     
    RUG681.fasta      7.8951e-05        0.99992           2     
    RUG682.fasta       0.0016633        0.99834           2     
    RUG683.fasta      0.00039127        0.99961           2     
    RUG684.fasta       0.0003683        0.99963           2     
    RUG685.fasta        0.029249        0.97075           2     
    RUG686.fasta      0.00016137        0.99984           2     
    RUG687.fasta      0.00054831        0.99945           2     
    RUG688.fasta      0.00034264        0.99966           2     
    RUG689.fasta        0.025921        0.97408           2     
    RUG690.fasta       0.0011397        0.99886           2     
    RUG691.fasta       0.0030843        0.99692           2     
    RUG692.fasta       0.0003124        0.99969           2     
    RUG693.fasta        0.034393        0.96561           2     
    RUG694.fasta      0.00054878        0.99945           2     
    RUG695.fasta      0.00023456        0.99977           2     
    RUG696.fasta       0.0050865        0.99491           2     
    RUG697.fasta        0.014905         0.9851           2     
    RUG698.fasta      0.00085449        0.99915           2     
    RUG699.fasta       0.0025269        0.99747           2     
    RUG700.fasta       0.0049613        0.99504           2     
    RUG701.fasta      8.1774e-05        0.99992           2     
    RUG702.fasta       0.0012399        0.99876           2     
    RUG703.fasta         0.22663        0.77337           2     
    RUG704.fasta      7.6069e-07              1           2     
    RUG705.fasta        0.010562        0.98944           2     
    RUG706.fasta       0.0091867        0.99081           2     
    RUG707.fasta        0.056546        0.94345           2     
    RUG708.fasta       0.0032092        0.99679           2     
    RUG709.fasta       0.0022765        0.99772           2     
    RUG710.fasta       0.0037258        0.99627           2     
    RUG711.fasta         0.12194        0.87806           2     
    RUG712.fasta       0.0030836        0.99692           2     
    RUG713.fasta       0.0039686        0.99603           2     
    RUG714.fasta      0.00054553        0.99945           2     
    RUG715.fasta        0.011398         0.9886           2     
    RUG716.fasta       0.0019993          0.998           2     
    RUG717.fasta       0.0020201        0.99798           2     
    RUG718.fasta        0.001447        0.99855           2     
    RUG719.fasta       0.0031822        0.99682           2     
    RUG720.fasta        0.003764        0.99624           2     
    RUG721.fasta       0.0046094        0.99539           2     
    RUG722.fasta       0.0012331        0.99877           2     
    RUG723.fasta         0.11674        0.88326           2     
    RUG724.fasta       0.0040619        0.99594           2     
    RUG725.fasta       0.0049008         0.9951           2     
    RUG726.fasta        0.014377        0.98562           2     
    RUG727.fasta       0.0024991         0.9975           2     
    RUG728.fasta       0.0032305        0.99677           2     
    RUG729.fasta       0.0019863        0.99801           2     
    RUG730.fasta      4.1358e-08              1           2     
    RUG731.fasta       0.0001525        0.99985           2     
    RUG732.fasta       0.0099488        0.99005           2     
    RUG733.fasta        0.041787        0.95821           2     
    RUG734.fasta        0.012132        0.98787           2     
    RUG735.fasta        0.050043        0.94996           2     
    RUG736.fasta       0.0014398        0.99856           2     
    RUG737.fasta         0.01144        0.98856           2     
    RUG738.fasta       0.0048472        0.99515           2     
    RUG739.fasta        0.011379        0.98862           2     
    RUG740.fasta      1.4773e-07              1           2     
    RUG741.fasta        0.021911        0.97809           2     
    RUG742.fasta        0.031115        0.96888           2     
    RUG743.fasta       0.0004243        0.99958           2     
    RUG744.fasta       0.0053602        0.99464           2     
    RUG745.fasta       0.0033785        0.99662           2     
    RUG746.fasta       0.0029174        0.99708           2     
    RUG747.fasta       0.0073218        0.99268           2     
    RUG748.fasta         0.94735       0.052654           1     
    RUG749.fasta         0.11123        0.88877           2     
    RUG750.fasta       0.0071236        0.99288           2     
    RUG751.fasta        0.027034        0.97297           2     
    RUG752.fasta      0.00027601        0.99972           2     
    RUG753.fasta       0.0033117        0.99669           2     
    RUG754.fasta        0.071134        0.92887           2     
    RUG755.fasta       0.0082292        0.99177           2     
    RUG756.fasta      1.9799e-05        0.99998           2     
    RUG757.fasta       0.0033616        0.99664           2     
    RUG758.fasta      0.00042637        0.99957           2     
    RUG759.fasta        0.018383        0.98162           2     
    RUG760.fasta      0.00048207        0.99952           2     
    RUG761.fasta         0.32831        0.67169           2     
    RUG762.fasta       0.0040624        0.99594           2     
    RUG763.fasta      4.2987e-05        0.99996           2     
    RUG764.fasta       0.0015509        0.99845           2     
    RUG765.fasta        0.037649        0.96235           2     
    RUG766.fasta       0.0059676        0.99403           2     
    RUG767.fasta       0.0059906        0.99401           2     
    RUG768.fasta       0.0087001         0.9913           2     
    RUG769.fasta       7.414e-05        0.99993           2     
    RUG770.fasta        0.010191        0.98981           2     
    RUG771.fasta        0.007495         0.9925           2     
    RUG772.fasta      1.7474e-05        0.99998           2     
    RUG773.fasta       0.0015246        0.99848           2     
    RUG774.fasta       0.0073253        0.99267           2     
    RUG775.fasta       0.0020994         0.9979           2     
    RUG776.fasta      0.00014238        0.99986           2     
    RUG777.fasta       0.0022786        0.99772           2     
    RUG778.fasta       0.0045954         0.9954           2     
    RUG779.fasta          0.1299         0.8701           2     
    RUG780.fasta         0.35232        0.64768           2     
    RUG781.fasta       0.0057525        0.99425           2     
    RUG782.fasta        0.048834        0.95117           2     
    RUG783.fasta        0.012983        0.98702           2     
    RUG784.fasta       0.0011667        0.99883           2     
    RUG785.fasta        0.010342        0.98966           2     
    RUG786.fasta         0.13082        0.86918           2     
    RUG787.fasta         0.80449        0.19551           1     
    RUG788.fasta        0.028632        0.97137           2     
    RUG789.fasta        0.014946        0.98505           2     
    RUG790.fasta         0.05458        0.94542           2     
    RUG791.fasta         0.15803        0.84197           2     
    RUG792.fasta        0.010805         0.9892           2     
    RUG793.fasta        0.016975        0.98303           2     
    RUG794.fasta       0.0013521        0.99865           2     
    RUG795.fasta       0.0021142        0.99789           2     
    RUG796.fasta      7.2577e-05        0.99993           2     
    RUG797.fasta      0.00011262        0.99989           2     
    RUG798.fasta      0.00049176        0.99951           2     
    RUG799.fasta      0.00021177        0.99979           2     
    RUG800.fasta       0.0092297        0.99077           2     
    RUG801.fasta       0.0067495        0.99325           2     
    RUG802.fasta      7.1887e-06        0.99999           2     
    RUG803.fasta       0.0033221        0.99668           2     
    RUG804.fasta       0.0023944        0.99761           2     
    RUG805.fasta      0.00016995        0.99983           2     
    RUG806.fasta        0.033675        0.96633           2     
    RUG807.fasta       0.0024113        0.99759           2     
    RUG808.fasta         0.44274        0.55726           2     
    RUG809.fasta        0.022343        0.97766           2     
    RUG810.fasta        0.092429        0.90757           2     
    RUG811.fasta        0.060783        0.93922           2     
    RUG812.fasta       0.0027062        0.99729           2     
    RUG813.fasta      0.00035241        0.99965           2     
    RUG814.fasta       0.0064724        0.99353           2     
    RUG815.fasta        0.019141        0.98086           2     
    RUG816.fasta       0.0037618        0.99624           2     
    RUG817.fasta       0.0047878        0.99521           2     
    RUG818.fasta       0.0023193        0.99768           2     
    RUG819.fasta      3.0423e-05        0.99997           2     
    RUG820.fasta       0.0019872        0.99801           2     
    RUG821.fasta      0.00021583        0.99978           2     
    RUG822.fasta      0.00040806        0.99959           2     
    RUG823.fasta         0.57538        0.42462           1     
    RUG824.fasta      0.00021781        0.99978           2     
    RUG825.fasta      0.00066703        0.99933           2     
    RUG826.fasta       0.0010981         0.9989           2     
    RUG827.fasta        0.013115        0.98688           2     
    RUG828.fasta        0.018975        0.98103           2     
    RUG829.fasta       0.0013036         0.9987           2     
    RUG830.fasta       0.0012874        0.99871           2     
    RUG831.fasta       0.0043851        0.99561           2     
    RUG832.fasta       0.0056325        0.99437           2     
    RUG833.fasta         0.23679        0.76321           2     
    RUG834.fasta       0.0024297        0.99757           2     
    RUG835.fasta      0.00039067        0.99961           2     
    RUG836.fasta       0.0089685        0.99103           2     
    RUG837.fasta        0.073676        0.92632           2     
    RUG838.fasta        0.013697         0.9863           2     
    RUG839.fasta        0.011482        0.98852           2     
    RUG840.fasta        0.030278        0.96972           2     
    RUG841.fasta       0.0084771        0.99152           2     
    RUG842.fasta       0.0018553        0.99814           2     
    RUG843.fasta       0.0068994         0.9931           2     
    RUG844.fasta         0.51184        0.48816           1     
    RUG845.fasta       0.0016328        0.99837           2     
    RUG846.fasta      0.00061044        0.99939           2     
    RUG847.fasta       0.0096491        0.99035           2     
    RUG848.fasta       0.0016584        0.99834           2     
    RUG849.fasta        0.056447        0.94355           2     
    RUG850.fasta        0.002432        0.99757           2     
    hRUG851.fasta       0.004639        0.99536           2     
    hRUG852.fasta        0.14573        0.85427           2     
    hRUG853.fasta     0.00015995        0.99984           2     
    hRUG854.fasta      0.0048942        0.99511           2     
    hRUG855.fasta      0.0008838        0.99912           2     
    hRUG856.fasta     0.00016542        0.99983           2     
    hRUG857.fasta       0.083633        0.91637           2     
    hRUG858.fasta      0.0059929        0.99401           2     
    hRUG859.fasta     0.00014443        0.99986           2     
    hRUG860.fasta       0.011554        0.98845           2     
    hRUG861.fasta      0.0012759        0.99872           2     
    hRUG862.fasta      0.0031352        0.99686           2     
    hRUG863.fasta     1.1014e-06              1           2     
    hRUG864.fasta       0.032696         0.9673           2     
    hRUG865.fasta       0.084124        0.91588           2     
    hRUG866.fasta     0.00012755        0.99987           2     
    hRUG867.fasta       0.069445        0.93055           2     
    hRUG868.fasta       0.022811        0.97719           2     
    hRUG869.fasta       0.030044        0.96996           2     
    hRUG870.fasta      0.0036897        0.99631           2     
    hRUG871.fasta      0.0061558        0.99384           2     
    hRUG872.fasta      0.0018213        0.99818           2     
    hRUG873.fasta        0.01807        0.98193           2     
    hRUG874.fasta      0.0013789        0.99862           2     
    hRUG875.fasta      0.0037598        0.99624           2     
    hRUG876.fasta     9.1004e-05        0.99991           2     
    hRUG877.fasta      0.0029541        0.99705           2     
    hRUG878.fasta      0.0058471        0.99415           2     
    hRUG879.fasta        0.03635        0.96365           2     
    hRUG880.fasta      0.0038568        0.99614           2     
    hRUG881.fasta       0.086855        0.91315           2     
    hRUG882.fasta      0.0061753        0.99382           2     
    hRUG883.fasta        0.02697        0.97303           2     
    hRUG884.fasta     0.00049563         0.9995           2     
    hRUG885.fasta     0.00061941        0.99938           2     
    hRUG886.fasta      0.0011131        0.99889           2     
    hRUG887.fasta     0.00033389        0.99967           2     
    hRUG888.fasta        0.16308        0.83692           2     
    hRUG889.fasta      0.0056844        0.99432           2     
    hRUG890.fasta       0.037386        0.96261           2     
    hRUG891.fasta       0.019891        0.98011           2     
    hRUG892.fasta       0.022587        0.97741           2     
    hRUG893.fasta      0.0074617        0.99254           2     
    hRUG894.fasta     0.00045215        0.99955           2     
    hRUG895.fasta       0.022375        0.97762           2     
    hRUG896.fasta       0.011785        0.98822           2     
    hRUG897.fasta       0.021922        0.97808           2     
    hRUG898.fasta        0.10619        0.89381           2     
    hRUG899.fasta     0.00058327        0.99942           2     
    hRUG900.fasta     8.3872e-06        0.99999           2     
    hRUG901.fasta       0.009834        0.99017           2     
    hRUG902.fasta     0.00010161         0.9999           2     
    hRUG903.fasta       0.013427        0.98657           2     
    hRUG904.fasta      0.0024938        0.99751           2     
    hRUG905.fasta      0.0047029         0.9953           2     
    hRUG906.fasta        0.02284        0.97716           2     
    hRUG907.fasta      0.0078016         0.9922           2     
    hRUG908.fasta      0.0072384        0.99276           2     
    hRUG909.fasta      0.0039985          0.996           2     
    hRUG910.fasta        0.20672        0.79328           2     
    hRUG911.fasta      0.0030823        0.99692           2     
    hRUG912.fasta      0.0012462        0.99875           2     
    hRUG913.fasta      0.0084614        0.99154           2     

Process completed 
[?1l>