MATLAB is selecting SOFTWARE OPENGL rendering.
[?1h=
                                                                                          < M A T L A B (R) >
                                                                                Copyright 1984-2019 The MathWorks, Inc.
                                                                            R2019b Update 5 (9.7.0.1319299) 64-bit (glnxa64)
                                                                                           February 19, 2020

 
To get started, type doc.
For product information, visit www.mathworks.com.
 
[H[2J
basePath = 

    ""


dataSetPath = 

    "/mnt/sda/DeepMicrobes-data/labeled_genome-r202/c__Gammaproteobacteria_split_pruned"


testSetPath = 

    "/mnt/sda/DeepMicrobes-data/labeled_genome-r202/hgr_mags/c__Gammaproteobacteria"

Reading sequences .... 
Starting parallel pool (parpool) using the 'local' profile ...
Starting parallel pool (parpool) using the 'local' profile ...
Starting parallel pool (parpool) using the 'local' profile ...
Starting parallel pool (parpool) using the 'local' profile ...
Generating CGRs.... 
totalSeq is: 5179
Computing disMat .... 
Starting parallel pool (parpool) using the 'local' profile ...
Performing classification .... 

minSeqLen =

     0


maxSeqLen =

     0

dataSet is:/mnt/sda/DeepMicrobes-data/labeled_genome-r202/hgr_mags/c__Gammaproteobacteria
numTestSeq is: 383
1
1
1
1
1
1
1
1
1
1
1
1
1
1
1
1
1
1
1
1
1
1
1
1
1
1
1
1
1
1
1
1
1
1
1
1
1
1
1
1
1
1
1
1
1
1
1
1
1
1
1
1
1
1
1
1
1
1
1
1
1
1
1
1
1
1
1
1
1
1
1
1
1
1
1
1
1
1
1
1
1
1
1
1
1
1
1
1
1
1
1
1
1
1
1
1
1
1
1
1
1
1
1
1
1
1
2
1
1
1
1
1
1
1
1
1
1
1
1
1
1
1
1
1
1
1
1
1
1
1
1
1
1
1
1
1
1
1
1
1
1
1
1
1
1
1
1
1
1
1
1
1
1
1
1
1
1
1
1
1
1
1
1
1
1
1
1
1
1
1
1
1
1
1
1
1
1
1
1
1
1
1
1
1
1
1
1
1
1
1
1
1
1
1
1
1
1
1
1
1
1
1
1
1
1
1
1
1
1
1
1
1
1
1
1
1
1
1
1
1
1
1
1
1
1
1
1
1
1
1
1
1
1
1
1
1
1
1
1
1
1
1
1
1
1
1
1
1
1
1
1
1
1
1
1
1
1
1
1
1
1
1
1
1
1
2
2
1
1
1
1
1
1
1
1
1
1
1
1
1
1
1
1
1
1
1
1
1
1
1
1
1
1
1
1
1
1
1
1
1
1
1
1
1
1
1
1
1
1
1
1
1
1
1
1
1
1
1
1
1
1
1
1
1
1
1
1
1
1
1
1
1
1
1
1
1
1
1
1
1
1
1
1
1
1
1
1
1
1
1
1
1
1
1
1
1
1
1
1
1
1
1
1
1
1
1
1
1
1
2
2
2
1
1
1
1
1
1
1
1
1
1
2

clusterNames =

  1x4 cell array

    {'1-o__Burkholderiales'}    {'o__Enterobacterales'}    {'o__Pseudomonadales'}    {'o__Xanthomonadales'}


clusterNames =

  1x4 cell array

    {'1-o__Burkholderiales'}    {'2-o__Enterobacterales'}    {'o__Pseudomonadales'}    {'o__Xanthomonadales'}


clusterNames =

  1x4 cell array

    {'1-o__Burkholderiales'}    {'2-o__Enterobacterales'}    {'3-o__Pseudomonadales'}    {'o__Xanthomonadales'}


clusterNames =

  1x4 cell array

    {'1-o__Burkholderiales'}    {'2-o__Enterobacterales'}    {'3-o__Pseudomonadales'}    {'4-o__Xanthomonadales'}

    '1-o__Burkholderiales'    '2-o__Enterobacterales'    '3-o__Pseudomonadales'    '4-o__Xanthomonadales'


header =

  1x5 cell array

    {'1-o__Burkholderiales'}    {'2-o__Enterobacterales'}    {'3-o__Pseudomonadales'}    {'4-o__Xanthomonadales'}    {'prediction'}


T3 =

  383x5 table

                              1-o__Burkholderiales    2-o__Enterobacterales    3-o__Pseudomonadales    4-o__Xanthomonadales    prediction
                              ____________________    _____________________    ____________________    ____________________    __________

    even_MAG-GUT10839.fa              0.99766              0.00019653                0.0021456              1.6059e-09             1     
    even_MAG-GUT10839_1.fa            0.99737              0.00016988                0.0024557              6.5993e-09             1     
    even_MAG-GUT10839_2.fa            0.99749              0.00021314                0.0023016              3.1788e-09             1     
    even_MAG-GUT11412.fa              0.99885              0.00016828               0.00098137              1.5612e-10             1     
    even_MAG-GUT11412_1.fa              0.999              0.00024936               0.00074634              7.0705e-10             1     
    even_MAG-GUT11412_2.fa            0.99871              7.6512e-05                0.0012182              6.8716e-10             1     
    even_MAG-GUT11423.fa              0.99767               0.0001419                0.0021925              5.5878e-10             1     
    even_MAG-GUT11423_1.fa            0.99737              0.00010592                0.0025276              1.9196e-09             1     
    even_MAG-GUT11423_2.fa             0.9978              0.00011736                0.0020794              1.8559e-09             1     
    even_MAG-GUT11760.fa              0.99967              0.00033318               2.1551e-08              2.3269e-11             1     
    even_MAG-GUT11760_1.fa             0.9999              9.7465e-05               3.4602e-08              1.1239e-10             1     
    even_MAG-GUT11760_2.fa            0.99909               0.0009061               6.2159e-08              7.2043e-11             1     
    even_MAG-GUT12028.fa              0.99951              8.8532e-05               0.00039876              3.8018e-10             1     
    even_MAG-GUT12028_1.fa            0.99942              0.00019687               0.00037926              1.2631e-09             1     
    even_MAG-GUT12028_2.fa            0.99927               3.324e-05               0.00069469              1.6855e-09             1     
    even_MAG-GUT12217.fa              0.99881              8.4737e-05                0.0011074              1.7384e-10             1     
    even_MAG-GUT12217_1.fa            0.99901              0.00013708               0.00085141              6.0057e-10             1     
    even_MAG-GUT12217_2.fa            0.99846              3.0407e-05                0.0015061              8.7098e-10             1     
    even_MAG-GUT12361.fa              0.99954              6.4483e-05               0.00039386              1.4734e-12             1     
    even_MAG-GUT12361_1.fa            0.99932              4.6263e-05               0.00063248              1.7031e-11             1     
    even_MAG-GUT12361_2.fa            0.99948              7.4378e-05               0.00044452              5.9208e-12             1     
    even_MAG-GUT12482.fa               0.9999              2.2416e-05                7.865e-05              1.0175e-12             1     
    even_MAG-GUT12482_1.fa             0.9999              1.9569e-05               8.0958e-05              6.7003e-12             1     
    even_MAG-GUT12482_2.fa             0.9998              2.7672e-05               0.00016824              4.0984e-12             1     
    even_MAG-GUT12794.fa              0.99801              8.9363e-06                0.0019808              3.5029e-11             1     
    even_MAG-GUT12794_1.fa            0.99671              5.2218e-06                0.0032825              2.2656e-10             1     
    even_MAG-GUT12794_2.fa            0.99808              1.2473e-05                0.0019091              8.8566e-11             1     
    even_MAG-GUT12991.fa              0.99719              1.5176e-05                0.0027933              1.7028e-11             1     
    even_MAG-GUT12991_1.fa            0.99831              9.6879e-06                0.0016807              1.7641e-10             1     
    even_MAG-GUT12991_2.fa             0.9927              1.3614e-05                0.0072857              1.8985e-11             1     
    even_MAG-GUT13480.fa               0.9994              9.6259e-05               0.00050469              3.5871e-12             1     
    even_MAG-GUT13480_1.fa            0.99947               9.332e-05               0.00043295              2.4406e-11             1     
    even_MAG-GUT13480_2.fa            0.99864              9.7138e-05                0.0012618              2.3924e-11             1     
    even_MAG-GUT13637.fa              0.99528              0.00064201                0.0040805              7.8169e-12             1     
    even_MAG-GUT13637_1.fa            0.99404               0.0012295                0.0047351              1.0547e-10             1     
    even_MAG-GUT13637_2.fa            0.99104              0.00034704                0.0086136              1.6351e-11             1     
    even_MAG-GUT13816.fa              0.99987              2.3168e-06               0.00012457              1.4451e-12             1     
    even_MAG-GUT13816_1.fa             0.9999              1.8984e-06               9.4995e-05               7.004e-12             1     
    even_MAG-GUT13816_2.fa            0.99966              2.7713e-06               0.00033973              7.6766e-12             1     
    even_MAG-GUT13881.fa              0.99226              0.00010818                0.0076359              1.1453e-11             1     
    even_MAG-GUT13881_1.fa            0.98538               0.0004676                  0.01415              1.1726e-10             1     
    even_MAG-GUT13881_2.fa            0.99372              2.6013e-05                0.0062552              1.4965e-11             1     
    even_MAG-GUT13955.fa              0.99871              0.00016442                0.0011223               5.988e-11             1     
    even_MAG-GUT13955_1.fa            0.99864              0.00014454                 0.001211              1.8026e-10             1     
    even_MAG-GUT13955_2.fa            0.99843              0.00011494                0.0014533              4.6582e-10             1     
    even_MAG-GUT14050.fa              0.99252              0.00060843                0.0068685              2.0528e-11             1     
    even_MAG-GUT14050_1.fa            0.99322               0.0010478                0.0057293               1.599e-10             1     
    even_MAG-GUT14050_2.fa            0.98733              0.00025027                 0.012421              4.1235e-11             1     
    even_MAG-GUT14125.fa              0.99528              0.00064201                0.0040805              7.8169e-12             1     
    even_MAG-GUT14125_1.fa            0.99404               0.0012295                0.0047351              1.0547e-10             1     
    even_MAG-GUT14125_2.fa            0.99104              0.00034704                0.0086136              1.6351e-11             1     
    even_MAG-GUT14172.fa              0.99965               5.457e-05               0.00030037              1.9871e-12             1     
    even_MAG-GUT14172_1.fa            0.99936                3.51e-05               0.00060079              2.3036e-11             1     
    even_MAG-GUT14172_2.fa            0.99959              6.2752e-05               0.00035069              7.8485e-12             1     
    even_MAG-GUT14250.fa              0.99823              2.4311e-05                0.0017433              2.5576e-11             1     
    even_MAG-GUT14250_1.fa            0.99728              5.0317e-06                0.0027112                6.16e-11             1     
    even_MAG-GUT14250_2.fa            0.99836              7.5558e-05                0.0015634              9.0595e-11             1     
    even_MAG-GUT14532.fa              0.99582              0.00030269                 0.003881              1.1558e-11             1     
    even_MAG-GUT14532_1.fa            0.99674               0.0001244                0.0031324              4.1167e-11             1     
    even_MAG-GUT14532_2.fa            0.99127              0.00057732                0.0081506              5.9113e-11             1     
    even_MAG-GUT14572.fa              0.99993               8.073e-06               6.3167e-05                4.27e-12             1     
    even_MAG-GUT14572_1.fa            0.99989              4.1413e-06               0.00010273              2.1612e-11             1     
    even_MAG-GUT14572_2.fa             0.9999              1.3562e-05               8.5345e-05               1.411e-11             1     
    even_MAG-GUT14827.fa              0.99939              0.00014655               0.00046343              2.4161e-10             1     
    even_MAG-GUT14827_1.fa            0.99952              0.00018729               0.00028871              1.2436e-09             1     
    even_MAG-GUT14827_2.fa             0.9989              9.0609e-05                0.0010096              1.0275e-09             1     
    even_MAG-GUT15246.fa              0.99518               0.0012379                0.0035839              7.6119e-11             1     
    even_MAG-GUT15246_1.fa            0.99486               0.0011272                0.0040163               4.442e-10             1     
    even_MAG-GUT15246_2.fa            0.99372               0.0014178                0.0048637              1.9401e-10             1     
    even_MAG-GUT16149.fa               0.9995              1.5557e-06               0.00049375              9.1407e-13             1     
    even_MAG-GUT16149_1.fa            0.99937              2.0781e-06               0.00062556              4.5165e-12             1     
    even_MAG-GUT16149_2.fa            0.99928              1.8559e-06               0.00071681              4.4567e-12             1     
    even_MAG-GUT16156.fa              0.99386               0.0043069                0.0018313              3.1301e-11             1     
    even_MAG-GUT16156_1.fa            0.99596               0.0035788               0.00046473              7.9445e-11             1     
    even_MAG-GUT16625.fa              0.99997              2.9479e-05               1.1268e-06              1.5821e-11             1     
    even_MAG-GUT16625_1.fa            0.99997              2.4625e-05               2.3854e-06               1.686e-10             1     
    even_MAG-GUT16625_2.fa            0.99996               3.387e-05                 1.92e-06               3.931e-11             1     
    even_MAG-GUT16715.fa              0.99978              5.4542e-06               0.00021351              1.9337e-12             1     
    even_MAG-GUT16715_1.fa            0.99961               5.992e-06               0.00038407              1.9004e-11             1     
    even_MAG-GUT16715_2.fa            0.99967              5.9574e-06               0.00032129              7.5965e-12             1     
    even_MAG-GUT16984.fa              0.99955              4.5437e-05               0.00040652              3.4432e-11             1     
    even_MAG-GUT16984_1.fa            0.99914              6.2344e-05               0.00079303              1.5568e-10             1     
    even_MAG-GUT16984_2.fa            0.99957              2.9815e-05               0.00039541              1.8622e-10             1     
    even_MAG-GUT17271.fa               0.9852               0.0032747                 0.011529              5.7018e-11             1     
    even_MAG-GUT17271_1.fa            0.98508               0.0007289                 0.014193              2.4499e-10             1     
    even_MAG-GUT17598.fa              0.99924              0.00060382               0.00015774              3.7729e-08             1     
    even_MAG-GUT17598_1.fa            0.99907               0.0007285               0.00020005              7.3064e-08             1     
    even_MAG-GUT17598_2.fa             0.9994              0.00038133               0.00022082              1.0654e-07             1     
    even_MAG-GUT1763.fa               0.99387              0.00051683                0.0056114              1.5005e-11             1     
    even_MAG-GUT1763_1.fa             0.98916              0.00020059                 0.010636              8.5896e-11             1     
    even_MAG-GUT1763_2.fa              0.9937               0.0009592                0.0053427              5.4242e-11             1     
    even_MAG-GUT18024.fa              0.99912              5.8457e-05                0.0008256              2.7195e-10             1     
    even_MAG-GUT18024_1.fa            0.99898                6.05e-05               0.00095663              1.2236e-09             1     
    even_MAG-GUT18024_2.fa            0.99896              4.5701e-05               0.00099906              1.3341e-09             1     
    even_MAG-GUT18195.fa              0.99942              0.00039571               0.00018358              3.0401e-11             1     
    even_MAG-GUT18195_1.fa            0.99947              0.00042339               0.00010463              1.1481e-10             1     
    even_MAG-GUT18195_2.fa            0.99918              0.00026212               0.00055582              9.5739e-11             1     
    even_MAG-GUT18210.fa              0.99977              0.00019741                2.886e-05              4.8953e-11             1     
    even_MAG-GUT18210_1.fa            0.99982              0.00015027               3.2405e-05              2.5322e-10             1     
    even_MAG-GUT18210_2.fa            0.99977              0.00018851               4.2682e-05              9.4327e-11             1     
    even_MAG-GUT18312.fa              0.98896              0.00057184                 0.010467              1.4423e-11             1     
    even_MAG-GUT18312_1.fa            0.98937              0.00039828                 0.010227              6.0176e-11             1     
    even_MAG-GUT18312_2.fa            0.98372              0.00042139                 0.015859              4.9077e-11             1     
    even_MAG-GUT18361.fa              0.99754              0.00015259                0.0023117              4.2706e-12             1     
    even_MAG-GUT18361_1.fa            0.99704              0.00011211                0.0028523              1.1326e-11             1     
    even_MAG-GUT18361_2.fa            0.99638              0.00015757                0.0034592              3.4903e-11             1     
    even_MAG-GUT1861_2.fa          0.00017642                  0.9998               2.2291e-05              2.8408e-09             2     
    even_MAG-GUT18974.fa              0.99438              0.00058397                0.0050366              1.4965e-11             1     
    even_MAG-GUT18974_1.fa            0.99565              3.6817e-05                0.0043148              7.4275e-11             1     
    even_MAG-GUT18974_2.fa            0.97983               0.0074632                 0.012711              5.6598e-11             1     
    even_MAG-GUT19408.fa               0.9923               0.0035997                0.0040993               2.353e-11             1     
    even_MAG-GUT19408_1.fa            0.99199               0.0056785                0.0023334              1.1586e-10             1     
    even_MAG-GUT19408_2.fa            0.98781               0.0014856                 0.010709              7.8496e-11             1     
    even_MAG-GUT19561.fa              0.99945              0.00026824               0.00028404              8.0372e-11             1     
    even_MAG-GUT19561_1.fa            0.99955              0.00014054               0.00031086              6.3793e-10             1     
    even_MAG-GUT19561_2.fa            0.99926              0.00028826               0.00045366              2.3928e-10             1     
    even_MAG-GUT19592.fa              0.98205                  0.0156                  0.00235              6.2217e-11             1     
    even_MAG-GUT19592_1.fa            0.96742                0.026041                0.0065353              5.0188e-10             1     
    even_MAG-GUT19592_2.fa            0.98991               0.0081892                0.0019035              1.9787e-10             1     
    even_MAG-GUT19599.fa              0.99873               0.0001208                0.0011536              5.3848e-11             1     
    even_MAG-GUT19599_1.fa            0.99858              8.4186e-05                0.0013322              3.4878e-10             1     
    even_MAG-GUT19599_2.fa            0.99851              0.00011981                0.0013701              1.9588e-10             1     
    even_MAG-GUT19853.fa              0.99989              6.6533e-06               0.00010601              8.9689e-13             1     
    even_MAG-GUT19853_1.fa             0.9997              4.5156e-06               0.00029295               1.025e-11             1     
    even_MAG-GUT19853_2.fa            0.99988              9.5155e-06               0.00010915              3.4509e-12             1     
    even_MAG-GUT2110.fa               0.99995              7.2151e-06               4.6498e-05              8.1195e-13             1     
    even_MAG-GUT2110_1.fa             0.99996              1.3908e-05                2.499e-05               5.593e-12             1     
    even_MAG-GUT2110_2.fa             0.99976              3.6064e-06               0.00023265              3.2363e-12             1     
    even_MAG-GUT21424.fa              0.99891              0.00057496                0.0005121              2.6603e-10             1     
    even_MAG-GUT21424_1.fa            0.99894               0.0004973               0.00056415              1.0569e-09             1     
    even_MAG-GUT21424_2.fa            0.99889              0.00038354               0.00072342              2.0192e-09             1     
    even_MAG-GUT22049.fa              0.99967              0.00024846                7.671e-05              1.3183e-08             1     
    even_MAG-GUT22049_1.fa             0.9998              0.00010917               9.4034e-05              3.6358e-08             1     
    even_MAG-GUT22049_2.fa            0.99944              0.00047741               8.5207e-05              2.9014e-08             1     
    even_MAG-GUT22670.fa              0.99987              2.9884e-05               9.6171e-05              5.2605e-12             1     
    even_MAG-GUT22670_1.fa             0.9998              2.9742e-05                0.0001662              2.8226e-11             1     
    even_MAG-GUT22670_2.fa            0.99985              2.5093e-05               0.00012496              3.4675e-11             1     
    even_MAG-GUT24564.fa              0.99984              2.1339e-05               0.00013686              3.8089e-13             1     
    even_MAG-GUT24564_1.fa            0.99982              2.7565e-05               0.00015045              1.4913e-12             1     
    even_MAG-GUT24564_2.fa            0.99965              1.7541e-05               0.00033653              3.2147e-12             1     
    even_MAG-GUT24606.fa              0.99986              4.0424e-06               0.00013275              5.6374e-13             1     
    even_MAG-GUT24606_1.fa            0.99949              8.2489e-06               0.00050399               3.854e-12             1     
    even_MAG-GUT24606_2.fa            0.99992              2.2933e-06               8.2428e-05              2.7612e-12             1     
    even_MAG-GUT24616.fa              0.99993              6.0842e-06               6.1404e-05              2.6112e-12             1     
    even_MAG-GUT24616_1.fa            0.99992              8.2888e-06               7.0506e-05              1.1248e-11             1     
    even_MAG-GUT24616_2.fa            0.99985              3.8846e-06               0.00015101              1.6331e-11             1     
    even_MAG-GUT24657.fa              0.99909              1.2667e-05               0.00089573              2.8346e-09             1     
    even_MAG-GUT24657_1.fa            0.99884              7.9955e-06                0.0011477              1.7633e-08             1     
    even_MAG-GUT24657_2.fa            0.99899              1.8696e-05               0.00098728              7.6315e-09             1     
    even_MAG-GUT24787.fa              0.99865              7.6433e-06                0.0013385              1.8998e-12             1     
    even_MAG-GUT24787_1.fa            0.99847               3.381e-06                0.0015256               1.168e-11             1     
    even_MAG-GUT24787_2.fa            0.99821              1.7398e-05                0.0017755              1.1599e-11             1     
    even_MAG-GUT24840.fa              0.99981              2.9115e-05               0.00015626              4.5403e-13             1     
    even_MAG-GUT24840_1.fa            0.99989              1.1913e-05               9.7128e-05              3.2641e-12             1     
    even_MAG-GUT24840_2.fa            0.99936              7.3566e-05               0.00056571              2.6549e-12             1     
    even_MAG-GUT24988.fa              0.99998              5.5427e-07               2.0927e-05              1.2672e-12             1     
    even_MAG-GUT24988_1.fa            0.99997              5.2745e-07               3.0075e-05              7.2664e-12             1     
    even_MAG-GUT24988_2.fa            0.99996              6.6475e-07               3.8658e-05              6.6187e-12             1     
    even_MAG-GUT25022.fa              0.99956              3.1193e-05               0.00041179              2.6172e-10             1     
    even_MAG-GUT25022_1.fa            0.99925              2.4035e-05               0.00073046              8.5083e-10             1     
    even_MAG-GUT25022_2.fa             0.9996              3.0096e-05               0.00036565              1.4715e-09             1     
    even_MAG-GUT25055.fa              0.99997              3.2686e-06               2.2771e-05              1.6414e-12             1     
    even_MAG-GUT25055_1.fa            0.99997               2.226e-06               2.7953e-05               1.248e-11             1     
    even_MAG-GUT25055_2.fa            0.99994              2.9014e-06               5.4164e-05              7.3643e-12             1     
    even_MAG-GUT25075.fa              0.99969              9.3125e-05               0.00021945              8.9667e-11             1     
    even_MAG-GUT25075_1.fa            0.99978              8.0884e-05               0.00013764              2.1678e-10             1     
    even_MAG-GUT25075_2.fa            0.99947              9.1673e-05               0.00044249              3.0753e-10             1     
    even_MAG-GUT25223.fa              0.99336              8.6133e-05                0.0065553              8.2913e-12             1     
    even_MAG-GUT25223_1.fa            0.99438              0.00021366                0.0054027              8.4337e-11             1     
    even_MAG-GUT25223_2.fa            0.98747              2.9269e-05                 0.012504              1.4797e-11             1     
    even_MAG-GUT25263.fa              0.99498              0.00017899                0.0048456              4.0282e-11             1     
    even_MAG-GUT25263_1.fa            0.99707              0.00035715                0.0025708              2.5159e-10             1     
    even_MAG-GUT25263_2.fa            0.99034              2.7374e-05                 0.009636              4.6733e-11             1     
    even_MAG-GUT27032.fa              0.99933              0.00052288               0.00014374              1.3918e-10             1     
    even_MAG-GUT27032_1.fa            0.99915              0.00056826               0.00028566              6.7372e-10             1     
    even_MAG-GUT27032_2.fa            0.99959               0.0002652               0.00014351              8.6656e-10             1     
    even_MAG-GUT27097.fa              0.99968               1.305e-05               0.00030811              1.0457e-12             1     
    even_MAG-GUT27097_1.fa            0.99955              4.7622e-06               0.00044646              8.1389e-12             1     
    even_MAG-GUT27097_2.fa            0.99939              2.4331e-05               0.00058528              4.7276e-12             1     
    even_MAG-GUT29557.fa              0.99939              0.00014757               0.00046283              7.2512e-11             1     
    even_MAG-GUT29557_1.fa            0.99935              0.00010241               0.00054268              4.7227e-10             1     
    even_MAG-GUT29557_2.fa            0.99919              0.00013888               0.00067178              2.4242e-10             1     
    even_MAG-GUT29963.fa              0.99969              0.00011701               0.00018822              1.0021e-09             1     
    even_MAG-GUT29963_1.fa            0.99981              5.1752e-05               0.00013701              2.5437e-09             1     
    even_MAG-GUT29963_2.fa            0.99944              0.00019181               0.00036618              6.6988e-09             1     
    even_MAG-GUT30085.fa              0.99999              4.0199e-06               8.2629e-06              2.0034e-11             1     
    even_MAG-GUT30085_1.fa            0.99999              2.4676e-06               7.2385e-06              2.1086e-10             1     
    even_MAG-GUT30085_2.fa            0.99997              5.0895e-06                2.363e-05               5.019e-11             1     
    even_MAG-GUT31546.fa              0.99627              5.7624e-05                0.0036739              1.3032e-11             1     
    even_MAG-GUT31546_1.fa            0.99447              4.4114e-05                0.0054886              3.4186e-11             1     
    even_MAG-GUT31546_2.fa            0.99614              3.5028e-05                0.0038296              6.7561e-11             1     
    even_MAG-GUT31872.fa              0.99093               0.0012175                0.0078556              2.0869e-11             1     
    even_MAG-GUT31872_1.fa            0.99452              0.00053011                0.0049536              8.1722e-11             1     
    even_MAG-GUT31872_2.fa            0.97951               0.0026741                  0.01782              9.1856e-11             1     
    even_MAG-GUT32354.fa              0.99969              0.00013863                0.0001673              2.6146e-12             1     
    even_MAG-GUT32354_1.fa             0.9992              0.00022497               0.00057148              2.1398e-11             1     
    even_MAG-GUT32354_2.fa            0.99984              5.9595e-05               0.00010288              1.3601e-11             1     
    even_MAG-GUT32469.fa              0.98997              6.6801e-05                0.0099596              3.1456e-12             1     
    even_MAG-GUT32469_1.fa            0.98788              8.4066e-05                  0.01204              1.6649e-11             1     
    even_MAG-GUT32469_2.fa             0.9888              6.4969e-05                 0.011138              1.1203e-11             1     
    even_MAG-GUT33566.fa               0.9997              0.00014809               0.00015037              2.4435e-10             1     
    even_MAG-GUT33566_1.fa            0.99971              0.00010357                0.0001828              8.8629e-10             1     
    even_MAG-GUT33566_2.fa            0.99961              0.00013744               0.00025739              1.2924e-09             1     
    even_MAG-GUT35394.fa              0.99895               0.0004628               0.00058869              1.0667e-10             1     
    even_MAG-GUT35394_1.fa            0.99893              0.00027335               0.00079959              9.0665e-10             1     
    even_MAG-GUT35394_2.fa            0.99898              0.00048297               0.00053724              2.7507e-10             1     
    even_MAG-GUT35641.fa              0.99959              0.00012829               0.00027766              3.9774e-10             1     
    even_MAG-GUT35641_1.fa            0.99969              8.8889e-05               0.00021696              1.4834e-09             1     
    even_MAG-GUT35641_2.fa            0.99929              0.00014594               0.00056053               2.035e-09             1     
    even_MAG-GUT36148.fa              0.99698              0.00010335                0.0029126               9.574e-12             1     
    even_MAG-GUT36148_1.fa            0.99473                5.08e-05                0.0052193                3.22e-11             1     
    even_MAG-GUT36148_2.fa            0.99767              0.00016174                0.0021682               3.573e-11             1     
    even_MAG-GUT36218.fa              0.99913              0.00050557               0.00036628              3.0159e-10             1     
    even_MAG-GUT36218_1.fa             0.9986              0.00095458               0.00044221              8.8967e-10             1     
    even_MAG-GUT36218_2.fa            0.99947              0.00015755               0.00037026              1.9531e-09             1     
    even_MAG-GUT36683.fa              0.99974              6.9079e-06               0.00024875              2.8254e-12             1     
    even_MAG-GUT36683_1.fa            0.99969              1.2892e-05               0.00029473              9.8063e-12             1     
    even_MAG-GUT36683_2.fa            0.99957              3.8626e-06               0.00043111               1.937e-11             1     
    even_MAG-GUT37389.fa              0.99951              0.00016739               0.00032751              3.2764e-10             1     
    even_MAG-GUT37389_1.fa            0.99939              0.00012068               0.00048496              1.4754e-09             1     
    even_MAG-GUT37389_2.fa            0.99951              0.00014259                0.0003438              1.9728e-09             1     
    even_MAG-GUT37939.fa              0.99967              3.5476e-05               0.00029888               4.671e-13             1     
    even_MAG-GUT37939_1.fa            0.99966              3.5798e-05               0.00030807              3.7679e-12             1     
    even_MAG-GUT37939_2.fa            0.99932              3.5473e-05               0.00064891              2.5223e-12             1     
    even_MAG-GUT37961.fa              0.99853              0.00091967               0.00055214              6.7571e-09             1     
    even_MAG-GUT37961_1.fa            0.99869              0.00052259                0.0007846              2.1546e-08             1     
    even_MAG-GUT37961_2.fa            0.99815               0.0013911               0.00045997              1.8606e-08             1     
    even_MAG-GUT38856.fa              0.99892              0.00061613               0.00046456              1.1987e-09             1     
    even_MAG-GUT38856_1.fa            0.99904              0.00041611               0.00053899              3.6144e-09             1     
    even_MAG-GUT38856_2.fa            0.99885               0.0005197               0.00062547              4.9501e-09             1     
    even_MAG-GUT38999.fa              0.99391               0.0001947                0.0058905              3.4732e-11             1     
    even_MAG-GUT38999_1.fa            0.99297              0.00020996                 0.006821              1.3628e-10             1     
    even_MAG-GUT38999_2.fa            0.99333              0.00016546                0.0065023              8.6896e-11             1     
    even_MAG-GUT39108_1.fa                  1              2.4318e-09               2.3047e-07               2.199e-09             1     
    even_MAG-GUT39136.fa              0.99917              5.8938e-05               0.00076913              3.2906e-10             1     
    even_MAG-GUT39136_1.fa            0.99938              5.9682e-05               0.00055806              1.4184e-09             1     
    even_MAG-GUT39136_2.fa            0.99862              3.8902e-05                0.0013427              1.2535e-09             1     
    even_MAG-GUT39174.fa              0.99922              0.00028003               0.00050162              1.2813e-10             1     
    even_MAG-GUT39174_1.fa            0.99932              0.00015731               0.00052025              4.4248e-10             1     
    even_MAG-GUT39174_2.fa            0.99894              0.00035334               0.00071006              8.6788e-10             1     
    even_MAG-GUT3922.fa                     1              1.1904e-09               9.2748e-08              6.2541e-10             1     
    even_MAG-GUT3922_1.fa                   1              5.2637e-10               1.3558e-07                2.22e-09             1     
    even_MAG-GUT3922_2.fa                   1               2.966e-09               1.5709e-07              1.0198e-09             1     
    even_MAG-GUT39460.fa              0.99983              7.5145e-05               9.8074e-05              6.2675e-13             1     
    even_MAG-GUT39460_1.fa            0.99979              8.1585e-05               0.00012701              2.6143e-12             1     
    even_MAG-GUT39460_2.fa            0.99976              6.1364e-05               0.00017554              5.5614e-12             1     
    even_MAG-GUT3986.fa               0.99925              1.0702e-05               0.00074106              2.7918e-12             1     
    even_MAG-GUT3986_1.fa             0.99863              9.3947e-06                 0.001356              1.1985e-11             1     
    even_MAG-GUT3986_2.fa             0.99929              1.1235e-05               0.00069831              2.1471e-11             1     
    even_MAG-GUT4260.fa               0.99994              3.2335e-05               2.5793e-05              2.1907e-12             1     
    even_MAG-GUT4260_1.fa              0.9999              3.6671e-05               6.8312e-05              1.0972e-11             1     
    even_MAG-GUT4260_2.fa             0.99995              1.7896e-05               2.7826e-05              1.3321e-11             1     
    even_MAG-GUT43146.fa              0.99986              3.3146e-05               0.00010698              7.0242e-12             1     
    even_MAG-GUT43146_1.fa            0.99978              5.8168e-05               0.00016223              3.0013e-11             1     
    even_MAG-GUT43146_2.fa            0.99983              1.9255e-05                0.0001521              5.4512e-11             1     
    even_MAG-GUT43227_2.fa            0.99423               0.0020361                0.0037344              6.1121e-10             1     
    even_MAG-GUT4338.fa               0.99819              0.00011203                0.0016932              1.1686e-10             1     
    even_MAG-GUT4338_1.fa             0.99762              0.00011501                 0.002261              2.3877e-10             1     
    even_MAG-GUT4338_2.fa             0.99821              9.3542e-05                0.0017003              1.0107e-09             1     
    even_MAG-GUT46199.fa              0.99988              2.2932e-06               0.00012232              1.9263e-12             1     
    even_MAG-GUT46199_1.fa            0.99987              2.2958e-06               0.00013114              9.2639e-12             1     
    even_MAG-GUT46199_2.fa            0.99972              2.2888e-06               0.00027877              8.1741e-12             1     
    even_MAG-GUT47180.fa              0.99876              0.00057522                0.0006624              1.5733e-10             1     
    even_MAG-GUT47180_1.fa            0.99924              0.00024779               0.00050885               1.251e-09             1     
    even_MAG-GUT47180_2.fa             0.9983              0.00063245                0.0010634              3.8524e-10             1     
    even_MAG-GUT48773.fa           1.5595e-05                 0.99988                0.0001041              2.4523e-08             2     
    even_MAG-GUT48773_2.fa         1.4163e-05                 0.99987               0.00012032              2.9765e-08             2     
    even_MAG-GUT48926_1.fa            0.95575                0.029921                 0.014333              5.4373e-07             1     
    even_MAG-GUT49445.fa              0.80233                 0.10309                 0.094577               3.439e-06             1     
    even_MAG-GUT49445_1.fa            0.81856                0.086023                  0.09541              6.1959e-06             1     
    even_MAG-GUT5085.fa               0.99974              0.00026426               1.0211e-07              4.2765e-11             1     
    even_MAG-GUT5085_1.fa             0.99982              0.00017561               1.0013e-07              1.7007e-10             1     
    even_MAG-GUT5085_2.fa             0.99966              0.00034285               3.8946e-07              1.1523e-10             1     
    even_MAG-GUT56566.fa              0.99894              2.6371e-05                0.0010289              2.2501e-12             1     
    even_MAG-GUT56566_1.fa            0.99909              2.8711e-05               0.00087997              1.6416e-11             1     
    even_MAG-GUT56566_2.fa            0.99801               1.426e-05                0.0019781              1.0612e-11             1     
    even_MAG-GUT56852.fa              0.99965               1.002e-05                 0.000341              3.2503e-12             1     
    even_MAG-GUT56852_1.fa            0.99954              9.2176e-06               0.00044699              1.9502e-11             1     
    even_MAG-GUT56852_2.fa            0.99948              1.2649e-05               0.00051023              1.5473e-11             1     
    even_MAG-GUT57085.fa              0.99907              5.1889e-05               0.00087791               1.107e-11             1     
    even_MAG-GUT57085_1.fa            0.99826              2.7712e-05                0.0017111              4.7619e-11             1     
    even_MAG-GUT57085_2.fa            0.99918               8.025e-05               0.00074038              7.0404e-11             1     
    even_MAG-GUT57726.fa              0.99953              0.00043761               3.5596e-05              4.0815e-11             1     
    even_MAG-GUT57726_1.fa            0.99974              0.00023457                2.142e-05              2.8155e-10             1     
    even_MAG-GUT57726_2.fa            0.99927              0.00062741               0.00010055              7.3393e-11             1     
    even_MAG-GUT58179.fa              0.99918              1.4491e-05               0.00080565              9.1699e-13             1     
    even_MAG-GUT58179_1.fa            0.99912              7.6864e-06               0.00087185              3.1695e-12             1     
    even_MAG-GUT58179_2.fa            0.99831              2.4538e-05                0.0016693              6.5431e-12             1     
    even_MAG-GUT58214.fa              0.99563               0.0034454               0.00092748               5.311e-12             1     
    even_MAG-GUT58214_2.fa            0.99492               0.0044097               0.00066624              2.1627e-11             1     
    even_MAG-GUT60374.fa              0.99876              2.0772e-05                0.0012144              9.1236e-11             1     
    even_MAG-GUT60374_1.fa            0.99911              3.3394e-05               0.00085388              7.2367e-10             1     
    even_MAG-GUT60374_2.fa            0.99786              8.0465e-06                0.0021277              1.7751e-10             1     
    even_MAG-GUT61735.fa              0.99464               0.0001664                0.0051978              1.2002e-11             1     
    even_MAG-GUT61735_1.fa             0.9945               0.0003747                0.0051284              4.9058e-11             1     
    even_MAG-GUT61794.fa              0.99983              2.9865e-05               0.00013641              4.7265e-12             1     
    even_MAG-GUT61794_1.fa            0.99981              4.5799e-05                0.0001469              2.5892e-11             1     
    even_MAG-GUT61794_2.fa            0.99973               2.375e-05               0.00025092              2.1028e-11             1     
    even_MAG-GUT62134.fa              0.99929              3.0828e-05                0.0006817              2.0006e-12             1     
    even_MAG-GUT62134_1.fa            0.99927              3.7268e-05               0.00069338              7.8055e-12             1     
    even_MAG-GUT62134_2.fa            0.99864              2.5465e-05                0.0013349              1.4353e-11             1     
    even_MAG-GUT62370.fa              0.99784              6.9183e-05                0.0020952               2.288e-11             1     
    even_MAG-GUT62370_1.fa            0.99631                1.34e-05                 0.003672              6.2532e-11             1     
    even_MAG-GUT62370_2.fa            0.99833              0.00014452                0.0015261              8.2037e-11             1     
    even_MAG-GUT62468.fa              0.99999              4.2541e-06               1.0116e-05              3.0065e-12             1     
    even_MAG-GUT62468_1.fa            0.99998              3.3022e-06               1.4263e-05              1.5889e-11             1     
    even_MAG-GUT62468_2.fa            0.99998              5.0333e-06               1.8252e-05              1.2578e-11             1     
    even_MAG-GUT6615.fa               0.99975              5.5393e-05               0.00019953               2.476e-12             1     
    even_MAG-GUT6615_1.fa             0.99964              5.8927e-05               0.00030285              1.9212e-11             1     
    even_MAG-GUT6615_2.fa             0.99962              3.5682e-05               0.00034437              8.7822e-12             1     
    even_MAG-GUT66915.fa              0.99958              5.1204e-05               0.00036973              5.0458e-10             1     
    even_MAG-GUT66915_1.fa            0.99955              4.6422e-05               0.00039913              2.9037e-09             1     
    even_MAG-GUT66915_2.fa            0.99944              4.9617e-05               0.00051359              1.6818e-09             1     
    even_MAG-GUT6727.fa               0.99958              9.0262e-05               0.00032685              5.2943e-12             1     
    even_MAG-GUT6727_1.fa             0.99944              0.00021162               0.00035231              4.1642e-11             1     
    even_MAG-GUT6727_2.fa             0.99936              3.3448e-05               0.00060869              2.1542e-11             1     
    even_MAG-GUT6753.fa               0.99961              0.00020008               0.00018595              5.8827e-11             1     
    even_MAG-GUT67531.fa              0.99968              0.00011221               0.00021047              3.0165e-12             1     
    even_MAG-GUT67531_1.fa            0.99941              0.00014366               0.00044532              1.5884e-11             1     
    even_MAG-GUT67531_2.fa            0.99963              5.9153e-05               0.00030831              2.3047e-11             1     
    even_MAG-GUT6753_1.fa             0.99962              0.00012738               0.00024998              2.8759e-10             1     
    even_MAG-GUT6753_2.fa             0.99957              0.00018424               0.00024903              2.2164e-10             1     
    even_MAG-GUT68996.fa              0.99985              2.6586e-05                 0.000123              1.3176e-12             1     
    even_MAG-GUT68996_1.fa            0.99976               3.154e-05               0.00020855              6.7492e-12             1     
    even_MAG-GUT68996_2.fa            0.99977              1.9265e-05               0.00021146              8.2878e-12             1     
    even_MAG-GUT7016.fa               0.99999              3.9129e-07               1.3739e-05              1.9267e-12             1     
    even_MAG-GUT7016_1.fa             0.99991              1.8819e-07               8.8312e-05              1.2253e-11             1     
    even_MAG-GUT7016_2.fa             0.99999              8.5718e-07               6.5192e-06              8.0048e-12             1     
    even_MAG-GUT73967.fa              0.99943              0.00030782                0.0002596              1.1611e-10             1     
    even_MAG-GUT73967_1.fa             0.9993              0.00029748               0.00040426              9.2849e-10             1     
    even_MAG-GUT73967_2.fa            0.99953              0.00019971               0.00027081              3.8278e-10             1     
    even_MAG-GUT74311.fa              0.99995              1.8185e-05               3.4599e-05              5.5577e-13             1     
    even_MAG-GUT74311_1.fa            0.99989              5.2268e-05                5.947e-05              3.3718e-12             1     
    even_MAG-GUT74311_2.fa            0.99993              6.6638e-06                6.611e-05              2.8535e-12             1     
    even_MAG-GUT75471.fa              0.99827              0.00012578                0.0016016              1.0949e-10             1     
    even_MAG-GUT75471_1.fa            0.99806              0.00022823                0.0017095              5.5392e-10             1     
    even_MAG-GUT75471_2.fa            0.99789              4.3825e-05                0.0020666              3.6884e-10             1     
    even_MAG-GUT75788.fa              0.99997              3.2825e-05               1.0041e-07              6.2224e-12             1     
    even_MAG-GUT75788_1.fa            0.99996              3.6814e-05               2.4391e-07              4.2644e-11             1     
    even_MAG-GUT75788_2.fa            0.99997              3.0542e-05               1.8958e-07              2.5708e-11             1     
    even_MAG-GUT75820.fa              0.99992              8.3921e-05               3.8615e-08               1.805e-11             1     
    even_MAG-GUT75820_1.fa            0.99987              0.00012547               1.0509e-07              7.8861e-11             1     
    even_MAG-GUT75820_2.fa            0.99993              7.0448e-05               5.6781e-08              6.2056e-11             1     
    even_MAG-GUT75834.fa              0.99999              8.9572e-06               6.6719e-08              1.1711e-10             1     
    even_MAG-GUT75834_1.fa            0.99999              9.3035e-06               6.3512e-08              7.4715e-10             1     
    even_MAG-GUT75834_2.fa            0.99999              6.5502e-06               2.6428e-07              2.4928e-10             1     
    even_MAG-GUT77563.fa              0.99924               0.0001026               0.00066195              2.7349e-10             1     
    even_MAG-GUT77563_1.fa             0.9992              6.2343e-05               0.00073498              1.6769e-09             1     
    even_MAG-GUT77563_2.fa            0.99902              0.00014717               0.00083581              8.0503e-10             1     
    even_MAG-GUT78371.fa              0.99999              1.0218e-05               3.8938e-08              6.6725e-11             1     
    even_MAG-GUT78371_1.fa            0.99999              7.6806e-06               5.4946e-08              3.6386e-10             1     
    even_MAG-GUT78371_2.fa            0.99999              1.2548e-05               1.0599e-07              1.7605e-10             1     
    even_MAG-GUT80384.fa              0.99996              3.6298e-08               3.9921e-05              3.7358e-12             1     
    even_MAG-GUT80384_1.fa            0.99997              3.9291e-08               2.7964e-05              1.3829e-11             1     
    even_MAG-GUT80384_2.fa            0.99989              4.4697e-08               0.00011262              1.1985e-11             1     
    even_MAG-GUT80449.fa              0.99939              7.4303e-05               0.00053096              9.5587e-11             1     
    even_MAG-GUT80449_1.fa            0.99937              7.6425e-05               0.00055263               4.452e-10             1     
    even_MAG-GUT80449_2.fa            0.99921              5.4458e-05               0.00073592               4.699e-10             1     
    even_MAG-GUT80720.fa                    1              1.0139e-09               8.7746e-07              5.2386e-10             1     
    even_MAG-GUT80720_2.fa                  1              2.4752e-09               1.8144e-06              7.9363e-10             1     
    even_MAG-GUT80804.fa              0.99913              0.00020458               0.00066572              8.3471e-12             1     
    even_MAG-GUT80804_1.fa            0.99864              0.00015404                0.0012072               4.478e-11             1     
    even_MAG-GUT80804_2.fa            0.99896              0.00031078                0.0007278              3.9172e-11             1     
    even_MAG-GUT81029.fa              0.99856              0.00018456                0.0012513              2.9015e-11             1     
    even_MAG-GUT81029_1.fa            0.99853              0.00012627                0.0013395              3.5835e-10             1     
    even_MAG-GUT81029_2.fa            0.99802              0.00022658                0.0017516              3.1989e-11             1     
    even_MAG-GUT81145.fa              0.99773              0.00022775                0.0020459              1.7786e-11             1     
    even_MAG-GUT81145_1.fa            0.99905              0.00019185               0.00075842               1.326e-10             1     
    even_MAG-GUT81145_2.fa            0.99166              0.00014412                0.0081932              3.3283e-11             1     
    even_MAG-GUT8151.fa            1.4031e-08                 0.99969               0.00030568              1.5889e-09             2     
    even_MAG-GUT8151_1.fa          6.7952e-09                 0.99954               0.00045518              1.6589e-09             2     
    even_MAG-GUT8151_2.fa          2.9941e-08                 0.99959               0.00040703              3.4771e-09             2     
    even_MAG-GUT81523_1.fa            0.99978              0.00016247               5.9526e-05              2.7931e-10             1     
    even_MAG-GUT82115.fa              0.99994              2.0993e-05               3.7228e-05              1.5086e-12             1     
    even_MAG-GUT82115_1.fa            0.99992              9.8276e-06               7.4942e-05              1.3546e-11             1     
    even_MAG-GUT82115_2.fa            0.99991              3.7086e-05               5.4972e-05                4.65e-12             1     
    even_MAG-GUT83592.fa              0.99871              0.00011346                0.0011797              1.6355e-08             1     
    even_MAG-GUT83592_1.fa            0.99802              0.00013135                0.0018439              4.6085e-08             1     
    even_MAG-GUT83592_2.fa            0.99891              5.3239e-05                0.0010338              3.5836e-08             1     
    even_MAG-GUT84859.fa              0.99949               6.837e-05               0.00043902               6.985e-09             1     
    even_MAG-GUT84859_1.fa            0.99937              7.2354e-05               0.00055708              2.6097e-08             1     
    even_MAG-GUT84859_2.fa             0.9994              5.4803e-05               0.00054712              1.9621e-08             1     
    even_MAG-GUT91898_1.fa         2.5806e-05                 0.99991                6.288e-05              2.1679e-08             2     


outputPath = 

    ""


outputPath = 

    "outputs-HGR-r202/test-c__Gammaproteobacteria_split_pruned.xlsx"

Process completed 
[?1l>