MATLAB is selecting SOFTWARE OPENGL rendering.
[?1h=
                                                                                          < M A T L A B (R) >
                                                                                Copyright 1984-2019 The MathWorks, Inc.
                                                                            R2019b Update 5 (9.7.0.1319299) 64-bit (glnxa64)
                                                                                           February 19, 2020

 
To get started, type doc.
For product information, visit www.mathworks.com.
 
[H[2J
dataSetPath =

    '/home/w328li/MLDSP/samples/o__Lactobacillales'


testSetPath =

    '/home/w328li/MLDSP/samples/hgr_mags/o__Lactobacillales'

Reading sequences .... 
Starting parallel pool (parpool) using the 'local' profile ...
Starting parallel pool (parpool) using the 'local' profile ...
Starting parallel pool (parpool) using the 'local' profile ...
Starting parallel pool (parpool) using the 'local' profile ...
Starting parallel pool (parpool) using the 'local' profile ...
Generating CGRs.... 
Computing disMat .... 
Starting parallel pool (parpool) using the 'local' profile ...
Performing classification .... 

minSeqLen =

     0


maxSeqLen =

     0

dataSet is:/home/w328li/MLDSP/samples/hgr_mags/o__Lactobacillales
numTestSeq is: 417
3
2
2
2
2
2
2
2
2
5
4
2
2
2
2
2
2
2
2
2
2
2
2
2
5
5
2
5
2
2
2
2
2
2
2
2
2
2
2
2
2
3
3
2
4
2
2
2
2
2
2
2
2
4
2
2
3
2
2
2
2
2
2
2
2
2
2
2
2
2
2
2
2
2
2
2
2
3
4
2
3
2
2
3
3
4
3
3
2
2
3
4
2
2
2
4
2
2
2
2
3
2
4
2
4
2
2
2
2
2
2
2
2
3
2
2
5
2
2
2
2
2
2
3
2
2
3
2
2
2
3
2
5
2
2
2
2
2
2
2
2
2
2
2
2
2
2
2
2
2
2
2
2
2
2
2
2
2
2
2
4
2
2
2
2
2
2
2
2
2
2
2
2
2
2
2
2
2
2
2
4
2
2
2
2
2
2
4
2
2
2
2
2
2
2
2
4
2
2
2
2
2
3
3
3
4
2
4
2
2
2
2
2
2
3
3
3
3
3
3
2
2
2
4
3
3
2
2
3
2
2
2
2
2
2
2
2
2
4
2
2
2
2
2
2
3
4
3
4
4
4
4
3
3
4
3
3
3
2
2
2
2
3
2
2
2
2
4
2
3
3
4
2
2
4
3
3
4
3
2
3
2
4
3
2
2
2
3
3
4
4
5
5
2
3
3
3
3
3
4
3
3
4
3
4
4
4
2
3
3
2
2
3
2
2
4
2
2
2
2
2
3
2
2
4
2
3
4
4
4
2
5
4
2
3
4
2
4
3
3
3
4
3
3
3
2
2
4
3
2
3
2
3
4
4
3
4
2
3
2
2
2
5
2
2
2
2
2
2
2
2
2
2
2
4
2
2
2
2
2
2
2
2
4
2
2
2
2
2
2
2
2
3
2
2
2
2
2
4
2
2
2
2
2
2
2
2
2
2
2
2
2
2
2
2
4
4

clusterNames =

  1x5 cell array

    {'1-f__Carnobacteriaceae'}    {'f__Enterococcaceae'}    {'f__Lactobacillaceae'}    {'f__Leuconostocaceae'}    {'f__Streptococcaceae'}


clusterNames =

  1x5 cell array

    {'1-f__Carnobacteriaceae'}    {'2-f__Enterococcaceae'}    {'f__Lactobacillaceae'}    {'f__Leuconostocaceae'}    {'f__Streptococcaceae'}


clusterNames =

  1x5 cell array

    {'1-f__Carnobacteriaceae'}    {'2-f__Enterococcaceae'}    {'3-f__Lactobacillaceae'}    {'f__Leuconostocaceae'}    {'f__Streptococcaceae'}


clusterNames =

  1x5 cell array

    {'1-f__Carnobacteriaceae'}    {'2-f__Enterococcaceae'}    {'3-f__Lactobacillaceae'}    {'4-f__Leuconostocaceae'}    {'f__Streptococcaceae'}


clusterNames =

  1x5 cell array

    {'1-f__Carnobacteriaceae'}    {'2-f__Enterococcaceae'}    {'3-f__Lactobacillaceae'}    {'4-f__Leuconostocaceae'}    {'5-f__Streptococcaceae'}

    '1-f__Carnobacteriaceae'    '2-f__Enterococcaceae'    '3-f__Lactobacillaceae'    '4-f__Leuconostocaceae'    '5-f__Streptococcaceae'


header =

  1x6 cell array

    {'1-f__Carnobacteriaceae'}    {'2-f__Enterococcaceae'}    {'3-f__Lactobacillaceae'}    {'4-f__Leuconostocaceae'}    {'5-f__Streptococcaceae'}    {'prediction'}


T3 =

  417x6 table

                            1-f__Carnobacteriaceae    2-f__Enterococcaceae    3-f__Lactobacillaceae    4-f__Leuconostocaceae    5-f__Streptococcaceae    prediction
                            ______________________    ____________________    _____________________    _____________________    _____________________    __________

    even_MAG-GUT1024.fa           2.2204e-14               2.2204e-14                       1               9.9052e-07               2.2204e-14              3     
    even_MAG-GUT1029.fa              0.15415                  0.36984                 0.15415                  0.16771                  0.15415              2     
    even_MAG-GUT1036.fa              0.14992                  0.36638                 0.14992                  0.18386                  0.14992              2     
    even_MAG-GUT1037.fa              0.15339                  0.36922                 0.15339                  0.17062                  0.15339              2     
    even_MAG-GUT1047.fa              0.15339                  0.36922                 0.15339                  0.17062                  0.15339              2     
    even_MAG-GUT1052.fa              0.15098                  0.36725                 0.15098                  0.17981                  0.15098              2     
    even_MAG-GUT1055.fa              0.15292                  0.36883                 0.15292                  0.17242                  0.15292              2     
    even_MAG-GUT1062.fa              0.14891                  0.36556                 0.14891                  0.18772                  0.14891              2     
    even_MAG-GUT1077.fa              0.15511                  0.37062                 0.15511                  0.16406                  0.15511              2     
    even_MAG-GUT1082.fa           2.2198e-14               2.2198e-14              2.2198e-14                0.0053352                  0.99466              5     
    even_MAG-GUT1086.fa              0.19623                  0.19623                 0.19623                  0.21507                  0.19623              4     
    even_MAG-GUT1088.fa              0.15444                  0.37008                 0.15444                  0.16659                  0.15444              2     
    even_MAG-GUT1103.fa              0.15018                   0.3666                 0.15018                  0.18287                  0.15018              2     
    even_MAG-GUT1160.fa              0.15203                  0.36811                 0.15203                   0.1758                  0.15203              2     
    even_MAG-GUT1169.fa              0.15473                  0.37032                 0.15473                  0.16548                  0.15473              2     
    even_MAG-GUT1171.fa            6.998e-12                  0.58443               6.998e-12                  0.41557                6.998e-12              2     
    even_MAG-GUT1173.fa              0.15143                  0.36761                 0.15143                  0.17811                  0.15143              2     
    even_MAG-GUT1177.fa              0.15392                  0.36965                 0.15392                  0.16857                  0.15392              2     
    even_MAG-GUT1196.fa           5.1774e-12                  0.58017              5.1774e-12                  0.41983               5.1774e-12              2     
    even_MAG-GUT1197.fa               0.1519                    0.368                  0.1519                  0.17632                   0.1519              2     
    even_MAG-GUT1228.fa               0.1519                    0.368                  0.1519                  0.17632                   0.1519              2     
    even_MAG-GUT1236.fa              0.15284                  0.36877                 0.15284                  0.17269                  0.15284              2     
    even_MAG-GUT1242.fa              0.15467                  0.37026                 0.15467                  0.16574                  0.15467              2     
    even_MAG-GUT1244.fa           1.4344e-11                  0.59595              1.4344e-11                  0.40405               1.4344e-11              2     
    even_MAG-GUT1246.fa           2.2198e-14               2.2198e-14              2.2198e-14                0.0068661                  0.99313              5     
    even_MAG-GUT1252.fa           2.2198e-14               2.2198e-14              2.2198e-14                0.0066769                  0.99332              5     
    even_MAG-GUT1255.fa           1.4344e-11                  0.59595              1.4344e-11                  0.40405               1.4344e-11              2     
    even_MAG-GUT1263.fa           2.2198e-14               2.2198e-14              2.2198e-14                0.0079918                  0.99201              5     
    even_MAG-GUT1266.fa              0.15333                  0.36917                 0.15333                  0.17083                  0.15333              2     
    even_MAG-GUT1270.fa              0.15613                  0.37146                 0.15613                  0.16016                  0.15613              2     
    even_MAG-GUT1276.fa           2.2198e-14                  0.99758              2.2198e-14                0.0024195               2.2198e-14              2     
    even_MAG-GUT1288.fa           2.2198e-14                   0.9977              2.2198e-14                0.0023008               2.2198e-14              2     
    even_MAG-GUT1297.fa              0.15556                    0.371                 0.15556                  0.16232                  0.15556              2     
    even_MAG-GUT1315.fa           1.5863e-11                  0.59933              1.5863e-11                  0.40067               1.5863e-11              2     
    even_MAG-GUT1318.fa              0.14911                  0.36573                 0.14911                  0.18693                  0.14911              2     
    even_MAG-GUT1319.fa              0.15217                  0.36822                 0.15217                  0.17528                  0.15217              2     
    even_MAG-GUT1328.fa              0.15392                  0.36965                 0.15392                  0.16857                  0.15392              2     
    even_MAG-GUT1336.fa              0.15681                  0.37202                 0.15681                  0.15755                  0.15681              2     
    even_MAG-GUT1362.fa              0.15301                  0.36891                 0.15301                  0.17207                  0.15301              2     
    even_MAG-GUT1368.fa              0.15351                  0.36931                 0.15351                  0.17016                  0.15351              2     
    even_MAG-GUT1370.fa              0.15531                  0.37079                 0.15531                  0.16329                  0.15531              2     
    even_MAG-GUT1377.fa           2.2204e-14               2.2204e-14                       1               6.5892e-07               2.2204e-14              3     
    even_MAG-GUT1384.fa           2.2204e-14               2.2204e-14                       1               5.4236e-07               2.2204e-14              3     
    even_MAG-GUT1391.fa               0.1567                  0.37193                  0.1567                  0.15795                   0.1567              2     
    even_MAG-GUT1393.fa           2.8666e-13                  0.46844              2.8666e-13                  0.53156               2.8666e-13              4     
    even_MAG-GUT1396.fa               0.1552                   0.3707                  0.1552                  0.16369                   0.1552              2     
    even_MAG-GUT1457.fa           2.2198e-14                  0.99865              2.2198e-14                0.0013486               2.2198e-14              2     
    even_MAG-GUT1477.fa           7.2649e-12                  0.58603              7.2649e-12                  0.41397               7.2649e-12              2     
    even_MAG-GUT1479.fa              0.15347                  0.36928                 0.15347                  0.17032                  0.15347              2     
    even_MAG-GUT1498.fa              0.15225                  0.36829                 0.15225                  0.17495                  0.15225              2     
    even_MAG-GUT1511.fa           1.0572e-11                  0.59262              1.0572e-11                  0.40738               1.0572e-11              2     
    even_MAG-GUT1522.fa           1.4472e-11                  0.59625              1.4472e-11                  0.40375               1.4472e-11              2     
    even_MAG-GUT1541.fa           2.2198e-14                  0.99748              2.2198e-14                0.0025186               2.2198e-14              2     
    even_MAG-GUT15546.fa             0.08925               3.6597e-14              3.6597e-14                  0.91075               3.6597e-14              4     
    even_MAG-GUT1565.fa           1.0572e-11                  0.59262              1.0572e-11                  0.40738               1.0572e-11              2     
    even_MAG-GUT17314.fa             0.15419                  0.36987                 0.15419                  0.16756                  0.15419              2     
    even_MAG-GUT1743.fa           2.2202e-14               2.2202e-14                 0.99935               0.00064712               2.2202e-14              3     
    even_MAG-GUT17776.fa             0.15233                  0.36835                 0.15233                  0.17465                  0.15233              2     
    even_MAG-GUT1871.fa           1.4656e-11                  0.59669              1.4656e-11                  0.40331               1.4656e-11              2     
    even_MAG-GUT1875.fa              0.15414                  0.36983                 0.15414                  0.16776                  0.15414              2     
    even_MAG-GUT1876.fa              0.14946                  0.36601                 0.14946                   0.1856                  0.14946              2     
    even_MAG-GUT1880.fa              0.15469                  0.37028                 0.15469                  0.16565                  0.15469              2     
    even_MAG-GUT1885.fa              0.15412                  0.36982                 0.15412                  0.16782                  0.15412              2     
    even_MAG-GUT1887.fa              0.15416                  0.36985                 0.15416                  0.16768                  0.15416              2     
    even_MAG-GUT1888.fa              0.15281                  0.36875                 0.15281                  0.17282                  0.15281              2     
    even_MAG-GUT1892.fa              0.15412                  0.36982                 0.15412                  0.16782                  0.15412              2     
    even_MAG-GUT1895.fa              0.15273                  0.36868                 0.15273                  0.17312                  0.15273              2     
    even_MAG-GUT1898.fa              0.15361                   0.3694                 0.15361                  0.16975                  0.15361              2     
    even_MAG-GUT1900.fa              0.15296                  0.36887                 0.15296                  0.17225                  0.15296              2     
    even_MAG-GUT1904.fa           7.6204e-12                  0.58803              7.6204e-12                  0.41197               7.6204e-12              2     
    even_MAG-GUT1906.fa           7.3919e-12                  0.58676              7.3919e-12                  0.41324               7.3919e-12              2     
    even_MAG-GUT1908.fa              0.15004                  0.36648                 0.15004                  0.18339                  0.15004              2     
    even_MAG-GUT1911.fa              0.15412                  0.36982                 0.15412                  0.16782                  0.15412              2     
    even_MAG-GUT1914.fa              0.15388                  0.36962                 0.15388                  0.16874                  0.15388              2     
    even_MAG-GUT1946.fa              0.15363                  0.36942                 0.15363                  0.16968                  0.15363              2     
    even_MAG-GUT1959.fa              0.15166                  0.36781                 0.15166                  0.17719                  0.15166              2     
    even_MAG-GUT2025.fa           1.0698e-11                  0.59307              1.0698e-11                  0.40693               1.0698e-11              2     
    even_MAG-GUT2256.fa           2.2203e-14               2.2203e-14                 0.58323                  0.41677               2.2203e-14              3     
    even_MAG-GUT22606.fa             0.42347                8.474e-12               8.474e-12                  0.57653                8.474e-12              4     
    even_MAG-GUT2306.fa              0.31154                  0.49959              3.5839e-13                  0.18886               3.5839e-13              2     
    even_MAG-GUT2366.fa           2.2204e-14               2.2204e-14                     0.5                      0.5               2.2204e-14              3     
    even_MAG-GUT26238.fa          7.5087e-12                  0.58742              7.5087e-12                  0.41258               7.5087e-12              2     
    even_MAG-GUT26973.fa              0.1496                  0.36613                  0.1496                  0.18507                   0.1496              2     
    even_MAG-GUT27437.fa          2.2204e-14               2.2204e-14                 0.50625                  0.49375               2.2204e-14              3     
    even_MAG-GUT27453.fa          2.2204e-14               2.2204e-14                 0.50037                  0.49963               2.2204e-14              3     
    even_MAG-GUT28570.fa             0.18694               4.0491e-13              4.0491e-13                  0.81306               4.0491e-13              4     
    even_MAG-GUT30639.fa          2.2204e-14               2.2204e-14                       1               2.8757e-12               2.2204e-14              3     
    even_MAG-GUT31303.fa          2.2198e-14               2.2198e-14                 0.99843                0.0015661               2.2198e-14              3     
    even_MAG-GUT3231.fa              0.15082                  0.36712                 0.15082                  0.18041                  0.15082              2     
    even_MAG-GUT3233.fa              0.15522                  0.37072                 0.15522                  0.16363                  0.15522              2     
    even_MAG-GUT32654.fa          2.2199e-14               2.2199e-14                 0.98921                 0.010789               2.2199e-14              3     
    even_MAG-GUT34245.fa             0.15468                  0.15468                 0.15468                  0.38128                  0.15468              4     
    even_MAG-GUT3477.fa              0.15456                  0.37018                 0.15456                  0.16614                  0.15456              2     
    even_MAG-GUT3479.fa              0.15561                  0.37103                 0.15561                  0.16214                  0.15561              2     
    even_MAG-GUT3484.fa              0.15452                  0.37014                 0.15452                   0.1663                  0.15452              2     
    even_MAG-GUT3493.fa           1.7576e-13                  0.49205              1.7576e-13                  0.50795               1.7576e-13              4     
    even_MAG-GUT3499.fa              0.15631                  0.37161                 0.15631                  0.15945                  0.15631              2     
    even_MAG-GUT3508.fa              0.15558                  0.37101                 0.15558                  0.16225                  0.15558              2     
    even_MAG-GUT3553.fa           1.1678e-12                   0.5398              1.1678e-12                   0.4602               1.1678e-12              2     
    even_MAG-GUT3561.fa           1.5267e-11                  0.59807              1.5267e-11                  0.40193               1.5267e-11              2     
    even_MAG-GUT36009.fa          2.2204e-14               2.2204e-14                 0.99999               5.5659e-06               2.2204e-14              3     
    even_MAG-GUT41.fa                0.15343                  0.36925                 0.15343                  0.17045                  0.15343              2     
    even_MAG-GUT42689.fa             0.19815                  0.19815                 0.19815                  0.20741                  0.19815              4     
    even_MAG-GUT43425.fa             0.15008                  0.36652                 0.15008                  0.18323                  0.15008              2     
    even_MAG-GUT43446.fa            0.048706                 0.048706                0.048706                  0.80518                 0.048706              4     
    even_MAG-GUT43457.fa          7.5143e-12                  0.58745              7.5143e-12                  0.41255               7.5143e-12              2     
    even_MAG-GUT43462.fa              0.1542                  0.36988                  0.1542                   0.1675                   0.1542              2     
    even_MAG-GUT43463.fa          4.7274e-12                  0.57586              4.7274e-12                  0.42414               4.7274e-12              2     
    even_MAG-GUT43483.fa          7.4982e-12                  0.58736              7.4982e-12                  0.41264               7.4982e-12              2     
    even_MAG-GUT43573.fa             0.15227                   0.3683                 0.15227                  0.17489                  0.15227              2     
    even_MAG-GUT43577.fa             0.15359                  0.36938                 0.15359                  0.16985                  0.15359              2     
    even_MAG-GUT43620.fa             0.15354                  0.36934                 0.15354                  0.17003                  0.15354              2     
    even_MAG-GUT43751.fa             0.15333                  0.36917                 0.15333                  0.17084                  0.15333              2     
    even_MAG-GUT43936.fa          2.2198e-14               2.2198e-14                 0.99512                0.0048845               2.2198e-14              3     
    even_MAG-GUT43943.fa          6.4602e-12                  0.58091              6.4602e-12                  0.41909               6.4602e-12              2     
    even_MAG-GUT44002.fa             0.15506                  0.37058                 0.15506                  0.16425                  0.15506              2     
    even_MAG-GUT44104.fa          2.2198e-14               2.2198e-14              2.2198e-14                0.0022759                  0.99772              5     
    even_MAG-GUT44177.fa             0.15015                  0.36658                 0.15015                  0.18296                  0.15015              2     
    even_MAG-GUT44539.fa             0.15406                  0.36977                 0.15406                  0.16804                  0.15406              2     
    even_MAG-GUT44544.fa          1.5049e-11                  0.59759              1.5049e-11                  0.40241               1.5049e-11              2     
    even_MAG-GUT44617.fa          7.2497e-12                  0.58594              7.2497e-12                  0.41406               7.2497e-12              2     
    even_MAG-GUT44666.fa             0.15506                  0.37058                 0.15506                  0.16425                  0.15506              2     
    even_MAG-GUT45882.fa             0.15224                  0.36828                 0.15224                  0.17501                  0.15224              2     
    even_MAG-GUT46265.fa          2.2204e-14               2.2204e-14                       1               1.5263e-06               2.2204e-14              3     
    even_MAG-GUT46437.fa             0.15167                  0.36782                 0.15167                  0.17717                  0.15167              2     
    even_MAG-GUT46441.fa             0.15499                  0.37053                 0.15499                  0.16449                  0.15499              2     
    even_MAG-GUT46496.fa          2.2204e-14               2.2204e-14                       1               3.2599e-07               2.2204e-14              3     
    even_MAG-GUT46868.fa             0.15048                  0.36684                 0.15048                  0.18173                  0.15048              2     
    even_MAG-GUT46962.fa          1.1026e-11                  0.59419              1.1026e-11                  0.40581               1.1026e-11              2     
    even_MAG-GUT47063.fa          1.2228e-13                  0.44582                 0.44582                  0.10836               1.2228e-13              2     
    even_MAG-GUT47179.fa          2.2198e-14               2.2198e-14                  0.9964                0.0036028               2.2198e-14              3     
    even_MAG-GUT47531.fa          7.1029e-12                  0.58507              7.1029e-12                  0.41493               7.1029e-12              2     
    even_MAG-GUT47559.fa              0.1556                   0.1556                  0.1556                  0.16216                  0.37103              5     
    even_MAG-GUT48488.fa             0.15453                  0.37015                 0.15453                  0.16628                  0.15453              2     
    even_MAG-GUT48498.fa             0.15556                  0.37099                 0.15556                  0.16233                  0.15556              2     
    even_MAG-GUT48566.fa             0.15345                  0.36926                 0.15345                   0.1704                  0.15345              2     
    even_MAG-GUT48585.fa             0.15179                  0.36792                 0.15179                  0.17671                  0.15179              2     
    even_MAG-GUT48612.fa             0.14953                  0.36607                 0.14953                  0.18533                  0.14953              2     
    even_MAG-GUT48629.fa          2.2198e-14                  0.99806              2.2198e-14                0.0019384               2.2198e-14              2     
    even_MAG-GUT48673.fa          2.1934e-12                  0.55592              2.1934e-12                  0.44408               2.1934e-12              2     
    even_MAG-GUT48682.fa             0.14968                  0.36619                 0.14968                  0.18475                  0.14968              2     
    even_MAG-GUT48686.fa             0.15222                  0.36826                 0.15222                  0.17508                  0.15222              2     
    even_MAG-GUT48704.fa          1.4186e-11                  0.59556              1.4186e-11                  0.40444               1.4186e-11              2     
    even_MAG-GUT48723.fa          1.7618e-12                  0.55422              1.7618e-12                  0.44578               1.7618e-12              2     
    even_MAG-GUT48735.fa             0.15257                  0.36855                 0.15257                  0.17374                  0.15257              2     
    even_MAG-GUT48749.fa          1.0121e-11                  0.59096              1.0121e-11                  0.40904               1.0121e-11              2     
    even_MAG-GUT48754.fa             0.15307                  0.36896                 0.15307                  0.17183                  0.15307              2     
    even_MAG-GUT48761.fa             0.15512                  0.37063                 0.15512                    0.164                  0.15512              2     
    even_MAG-GUT48798.fa              0.1537                  0.36948                  0.1537                  0.16942                   0.1537              2     
    even_MAG-GUT48804.fa          1.0289e-11                  0.59159              1.0289e-11                  0.40841               1.0289e-11              2     
    even_MAG-GUT48829.fa             0.15505                  0.37058                 0.15505                  0.16428                  0.15505              2     
    even_MAG-GUT48834.fa             0.15125                  0.36747                 0.15125                  0.17878                  0.15125              2     
    even_MAG-GUT48887.fa              0.1517                  0.36784                  0.1517                  0.17707                   0.1517              2     
    even_MAG-GUT48894.fa             0.14917                  0.36577                 0.14917                  0.18673                  0.14917              2     
    even_MAG-GUT48968.fa             0.15199                  0.36808                 0.15199                  0.17595                  0.15199              2     
    even_MAG-GUT48971.fa             0.15558                  0.37101                 0.15558                  0.16225                  0.15558              2     
    even_MAG-GUT48976.fa          2.8855e-13                  0.51127              2.8855e-13                  0.48873               2.8855e-13              2     
    even_MAG-GUT49002.fa          2.2199e-14                  0.99877              2.2199e-14                 0.001235               2.2199e-14              2     
    even_MAG-GUT49004.fa             0.14901                  0.36564                 0.14901                  0.18734                  0.14901              2     
    even_MAG-GUT49015.fa             0.15297                  0.36888                 0.15297                  0.17221                  0.15297              2     
    even_MAG-GUT49051.fa             0.19955                  0.19955                 0.19955                  0.20178                  0.19955              4     
    even_MAG-GUT49063.fa          1.6111e-11                  0.59982              1.6111e-11                  0.40018               1.6111e-11              2     
    even_MAG-GUT49069.fa             0.15011                  0.36654                 0.15011                  0.18311                  0.15011              2     
    even_MAG-GUT49070.fa             0.15061                  0.36695                 0.15061                   0.1812                  0.15061              2     
    even_MAG-GUT49075.fa             0.15502                  0.37055                 0.15502                  0.16439                  0.15502              2     
    even_MAG-GUT49083.fa          2.2816e-12                  0.55821              2.2816e-12                  0.44179               2.2816e-12              2     
    even_MAG-GUT49101.fa             0.14949                  0.36603                 0.14949                   0.1855                  0.14949              2     
    even_MAG-GUT49118.fa          6.9686e-13                  0.52846              6.9686e-13                  0.47154               6.9686e-13              2     
    even_MAG-GUT49170.fa          1.7296e-12                  0.55309              1.7296e-12                  0.44691               1.7296e-12              2     
    even_MAG-GUT49176.fa          1.6976e-12                  0.55194              1.6976e-12                  0.44806               1.6976e-12              2     
    even_MAG-GUT49226.fa          2.3368e-12                  0.55958              2.3368e-12                  0.44042               2.3368e-12              2     
    even_MAG-GUT49236.fa              0.1542                  0.36988                  0.1542                  0.16751                   0.1542              2     
    even_MAG-GUT49289.fa             0.15279                  0.36873                 0.15279                  0.17292                  0.15279              2     
    even_MAG-GUT49297.fa             0.14965                  0.36616                 0.14965                   0.1849                  0.14965              2     
    even_MAG-GUT49302.fa              0.1534                  0.36922                  0.1534                  0.17059                   0.1534              2     
    even_MAG-GUT49315.fa          1.6279e-11                  0.60016              1.6279e-11                  0.39984               1.6279e-11              2     
    even_MAG-GUT49326.fa             0.15363                  0.36942                 0.15363                  0.16968                  0.15363              2     
    even_MAG-GUT49329.fa          1.6279e-11                  0.60016              1.6279e-11                  0.39984               1.6279e-11              2     
    even_MAG-GUT49356.fa             0.15361                   0.3694                 0.15361                  0.16977                  0.15361              2     
    even_MAG-GUT49359.fa          4.6347e-12                   0.5749              4.6347e-12                   0.4251               4.6347e-12              2     
    even_MAG-GUT49384.fa              0.1951                   0.1951                  0.1951                  0.21961                   0.1951              4     
    even_MAG-GUT49393.fa          1.7604e-12                  0.55417              1.7604e-12                  0.44583               1.7604e-12              2     
    even_MAG-GUT49403.fa             0.15334                  0.36918                 0.15334                  0.17078                  0.15334              2     
    even_MAG-GUT49409.fa             0.14952                  0.36606                 0.14952                  0.18539                  0.14952              2     
    even_MAG-GUT49456.fa             0.15275                   0.3687                 0.15275                  0.17304                  0.15275              2     
    even_MAG-GUT49458.fa          7.1404e-12                  0.58529              7.1404e-12                  0.41471               7.1404e-12              2     
    even_MAG-GUT49469.fa             0.15587                  0.37124                 0.15587                  0.16115                  0.15587              2     
    even_MAG-GUT49499.fa             0.16772                  0.16772                 0.16772                   0.3291                  0.16772              4     
    even_MAG-GUT49512.fa          1.1955e-12                  0.54137              1.1955e-12                  0.45863               1.1955e-12              2     
    even_MAG-GUT49529.fa             0.15387                  0.36961                 0.15387                  0.16878                  0.15387              2     
    even_MAG-GUT49535.fa             0.14942                  0.36598                 0.14942                  0.18577                  0.14942              2     
    even_MAG-GUT49539.fa          1.6279e-11                  0.60016              1.6279e-11                  0.39984               1.6279e-11              2     
    even_MAG-GUT49541.fa             0.15416                  0.36985                 0.15416                  0.16768                  0.15416              2     
    even_MAG-GUT49567.fa             0.15575                  0.37115                 0.15575                   0.1616                  0.15575              2     
    even_MAG-GUT49574.fa          7.4935e-12                  0.58733              7.4935e-12                  0.41267               7.4935e-12              2     
    even_MAG-GUT49593.fa             0.15094                  0.36722                 0.15094                  0.17996                  0.15094              2     
    even_MAG-GUT49599.fa          2.8094e-13                  0.46667              2.8094e-13                  0.53333               2.8094e-13              4     
    even_MAG-GUT49609.fa             0.15344                  0.36926                 0.15344                  0.17042                  0.15344              2     
    even_MAG-GUT49616.fa             0.15073                  0.36705                 0.15073                  0.18076                  0.15073              2     
    even_MAG-GUT51.fa                0.15652                  0.37178                 0.15652                  0.15867                  0.15652              2     
    even_MAG-GUT57264.fa             0.15255                  0.36854                 0.15255                   0.1738                  0.15255              2     
    even_MAG-GUT57442.fa             0.14922                  0.36582                 0.14922                  0.18652                  0.14922              2     
    even_MAG-GUT59278.fa          2.2199e-14               2.2199e-14                 0.98158                 0.018416               2.2199e-14              3     
    even_MAG-GUT60365.fa          2.2199e-14               2.2199e-14                 0.99868                0.0013178               2.2199e-14              3     
    even_MAG-GUT61176.fa          2.2203e-14               2.2203e-14                 0.99958               0.00041532               2.2203e-14              3     
    even_MAG-GUT61880.fa          1.5312e-13                  0.49386              1.5312e-13                  0.50614               1.5312e-13              4     
    even_MAG-GUT6222.fa              0.15316                  0.36903                 0.15316                   0.1715                  0.15316              2     
    even_MAG-GUT6224.fa              0.19779                  0.19779                 0.19779                  0.20883                  0.19779              4     
    even_MAG-GUT6229.fa              0.15536                  0.37083                 0.15536                  0.16308                  0.15536              2     
    even_MAG-GUT6233.fa              0.14967                  0.36618                 0.14967                   0.1848                  0.14967              2     
    even_MAG-GUT6238.fa              0.14988                  0.36636                 0.14988                  0.18399                  0.14988              2     
    even_MAG-GUT6241.fa              0.14971                  0.36621                 0.14971                  0.18465                  0.14971              2     
    even_MAG-GUT6274.fa              0.15536                  0.37083                 0.15536                  0.16308                  0.15536              2     
    even_MAG-GUT6291.fa           1.6269e-11                  0.60014              1.6269e-11                  0.39986               1.6269e-11              2     
    even_MAG-GUT62924.fa          2.2198e-14               2.2198e-14                 0.99824                0.0017637               2.2198e-14              3     
    even_MAG-GUT62939.fa          2.2199e-14               2.2199e-14                   0.991                0.0089956               2.2199e-14              3     
    even_MAG-GUT63100.fa          2.2198e-14               2.2198e-14                 0.99611                0.0038856               2.2198e-14              3     
    even_MAG-GUT63356.fa          2.2199e-14               2.2199e-14                 0.98294                 0.017062               2.2199e-14              3     
    even_MAG-GUT63462.fa          2.2198e-14               2.2198e-14                 0.99809                0.0019142               2.2198e-14              3     
    even_MAG-GUT63569.fa          2.2198e-14               2.2198e-14                 0.99822                0.0017757               2.2198e-14              3     
    even_MAG-GUT67625.fa          2.2198e-14                  0.99756              2.2198e-14                0.0024434               2.2198e-14              2     
    even_MAG-GUT67985.fa             0.15338                  0.36921                 0.15338                  0.17065                  0.15338              2     
    even_MAG-GUT68043.fa          4.5059e-12                  0.57352              4.5059e-12                  0.42648               4.5059e-12              2     
    even_MAG-GUT68111.fa          2.6124e-13                   0.4491              2.6124e-13                   0.5509               2.6124e-13              4     
    even_MAG-GUT68234.fa          2.2204e-14               2.2204e-14                       1               2.3686e-06               2.2204e-14              3     
    even_MAG-GUT68537.fa          2.2204e-14               2.2204e-14                       1               1.6251e-07               2.2204e-14              3     
    even_MAG-GUT68629.fa          3.2293e-12                  0.56667              3.2293e-12                  0.43333               3.2293e-12              2     
    even_MAG-GUT68640.fa          2.2198e-14                  0.99847              2.2198e-14                0.0015317               2.2198e-14              2     
    even_MAG-GUT69384.fa          2.2198e-14               2.2198e-14                 0.99825                0.0017542               2.2198e-14              3     
    even_MAG-GUT69501.fa          1.5449e-11                  0.59846              1.5449e-11                  0.40154               1.5449e-11              2     
    even_MAG-GUT7062.fa              0.15017                  0.36659                 0.15017                  0.18289                  0.15017              2     
    even_MAG-GUT7086.fa              0.15618                   0.3715                 0.15618                  0.15995                  0.15618              2     
    even_MAG-GUT7090.fa              0.15437                  0.37002                 0.15437                  0.16689                  0.15437              2     
    even_MAG-GUT7102.fa              0.15282                  0.36876                 0.15282                  0.17278                  0.15282              2     
    even_MAG-GUT7118.fa           6.9082e-12                  0.58387              6.9082e-12                  0.41613               6.9082e-12              2     
    even_MAG-GUT7121.fa              0.15134                  0.36754                 0.15134                  0.17845                  0.15134              2     
    even_MAG-GUT7125.fa              0.15138                  0.36758                 0.15138                  0.17828                  0.15138              2     
    even_MAG-GUT7175.fa              0.15516                  0.37067                 0.15516                  0.16385                  0.15516              2     
    even_MAG-GUT71751.fa          0.00044561               0.00044561              0.00044561                  0.99822               0.00044561              4     
    even_MAG-GUT7213.fa              0.15499                  0.37053                 0.15499                  0.16448                  0.15499              2     
    even_MAG-GUT7214.fa              0.15341                  0.36924                 0.15341                  0.17053                  0.15341              2     
    even_MAG-GUT7216.fa           9.7301e-12                  0.58942              9.7301e-12                  0.41058               9.7301e-12              2     
    even_MAG-GUT7222.fa              0.15279                  0.36873                 0.15279                  0.17291                  0.15279              2     
    even_MAG-GUT7253.fa           1.4371e-11                  0.59601              1.4371e-11                  0.40399               1.4371e-11              2     
    even_MAG-GUT7278.fa              0.15146                  0.36765                 0.15146                  0.17797                  0.15146              2     
    even_MAG-GUT7285.fa             2.22e-14                 2.22e-14                 0.90858                 0.091421                 2.22e-14              3     
    even_MAG-GUT74183.fa            0.042089               2.2199e-14              2.2199e-14                  0.95791               2.2199e-14              4     
    even_MAG-GUT76426.fa          2.2198e-14               2.2198e-14                 0.99806                0.0019363               2.2198e-14              3     
    even_MAG-GUT76486.fa            0.015135                 0.015135                0.015135                  0.93946                 0.015135              4     
    even_MAG-GUT76530.fa               0.221                  0.15644                 0.15644                  0.30969                  0.15644              4     
    even_MAG-GUT77471.fa            0.037517               2.2199e-14              2.2199e-14                  0.96248               2.2199e-14              4     
    even_MAG-GUT77576.fa             0.23329                  0.16943                 0.16943                  0.25842                  0.16943              4     
    even_MAG-GUT80232.fa          2.2204e-14               2.2204e-14                       1               1.0754e-10               2.2204e-14              3     
    even_MAG-GUT83501.fa          2.2203e-14               2.2203e-14                 0.99966               0.00033819               2.2203e-14              3     
    even_MAG-GUT83503.fa             0.19358                  0.19358                 0.19358                  0.22569                  0.19358              4     
    even_MAG-GUT83507.fa          2.2202e-14               2.2202e-14                 0.99935               0.00064806               2.2202e-14              3     
    even_MAG-GUT86747.fa          2.2199e-14               2.2199e-14                 0.99205                0.0079529               2.2199e-14              3     
    even_MAG-GUT86758.fa          2.2198e-14               2.2198e-14                 0.99436                0.0056381               2.2198e-14              3     
    even_MAG-GUT87407.fa             0.15608                  0.37142                 0.15608                  0.16034                  0.15608              2     
    even_MAG-GUT87621.fa             0.15545                   0.3709                 0.15545                  0.16274                  0.15545              2     
    even_MAG-GUT87674.fa             0.15608                  0.37142                 0.15608                  0.16034                  0.15608              2     
    even_MAG-GUT87941.fa             0.15385                   0.3696                 0.15385                  0.16886                  0.15385              2     
    even_MAG-GUT88016.fa          2.2198e-14               2.2198e-14                  0.9941                0.0059013               2.2198e-14              3     
    even_MAG-GUT88714.fa          8.6125e-13                   0.5311              8.6125e-13                   0.4689               8.6125e-13              2     
    even_MAG-GUT88733.fa             0.15544                   0.3709                 0.15544                  0.16278                  0.15544              2     
    even_MAG-GUT88737.fa             0.15578                  0.37117                 0.15578                  0.16149                  0.15578              2     
    even_MAG-GUT88876.fa          8.6125e-13                   0.5311              8.6125e-13                   0.4689               8.6125e-13              2     
    even_MAG-GUT89050.fa            2.22e-14                 2.22e-14                 0.12432                  0.87568                 2.22e-14              4     
    even_MAG-GUT89068.fa             0.14971                  0.36621                 0.14971                  0.18467                  0.14971              2     
    even_MAG-GUT89102.fa            2.22e-14                 2.22e-14                 0.86592                  0.13408                 2.22e-14              3     
    even_MAG-GUT89162.fa          2.2204e-14               2.2204e-14                 0.99992               8.3894e-05               2.2204e-14              3     
    even_MAG-GUT89164.fa            2.22e-14                 2.22e-14                 0.12432                  0.87568                 2.22e-14              4     
    even_MAG-GUT89179.fa          2.2198e-14                  0.99725              2.2198e-14                0.0027485               2.2198e-14              2     
    even_MAG-GUT89204.fa          2.2198e-14                  0.99725              2.2198e-14                0.0027485               2.2198e-14              2     
    even_MAG-GUT89244.fa            2.22e-14                 2.22e-14                 0.12454                  0.87546                 2.22e-14              4     
    even_MAG-GUT89246.fa          2.2204e-14               2.2204e-14                 0.99994               6.4782e-05               2.2204e-14              3     
    even_MAG-GUT89255.fa          2.2204e-14               2.2204e-14                  0.5214                   0.4786               2.2204e-14              3     
    even_MAG-GUT89273.fa             0.19701                  0.19701                 0.19701                  0.21196                  0.19701              4     
    even_MAG-GUT89282.fa          2.2201e-14               2.2201e-14                 0.81617                  0.18383               2.2201e-14              3     
    even_MAG-GUT89292.fa             0.15561                  0.37104                 0.15561                  0.16212                  0.15561              2     
    even_MAG-GUT89309.fa          2.2198e-14               2.2198e-14                 0.99534                0.0046611               2.2198e-14              3     
    even_MAG-GUT89317.fa             0.15546                  0.37091                 0.15546                  0.16271                  0.15546              2     
    even_MAG-GUT89332.fa             0.19701                  0.19701                 0.19701                  0.21196                  0.19701              4     
    even_MAG-GUT89335.fa          2.2199e-14               2.2199e-14                 0.95847                 0.041529               2.2199e-14              3     
    even_MAG-GUT89355.fa             0.15491                  0.37046                 0.15491                  0.16482                  0.15491              2     
    even_MAG-GUT89363.fa             0.15009                  0.36653                 0.15009                  0.18319                  0.15009              2     
    even_MAG-GUT89413.fa             0.15378                  0.36954                 0.15378                  0.16912                  0.15378              2     
    even_MAG-GUT89577.fa          2.2201e-14               2.2201e-14                 0.79431                  0.20569               2.2201e-14              3     
    even_MAG-GUT89608.fa          2.2204e-14               2.2204e-14                  0.9999               9.9121e-05               2.2204e-14              3     
    even_MAG-GUT89668.fa             0.19701                  0.19701                 0.19701                  0.21196                  0.19701              4     
    even_MAG-GUT89684.fa             0.19701                  0.19701                 0.19701                  0.21196                  0.19701              4     
    even_MAG-GUT89695.fa          2.2199e-14               2.2199e-14              2.2199e-14                 0.010116                  0.98988              5     
    even_MAG-GUT89697.fa          2.2199e-14               2.2199e-14              2.2199e-14                 0.010116                  0.98988              5     
    even_MAG-GUT89720.fa          2.2198e-14                  0.99738              2.2198e-14                0.0026152               2.2198e-14              2     
    even_MAG-GUT89735.fa          2.2199e-14               2.2199e-14                 0.98581                 0.014194               2.2199e-14              3     
    even_MAG-GUT89747.fa          2.2204e-14               2.2204e-14                 0.53921                  0.46079               2.2204e-14              3     
    even_MAG-GUT89772.fa          2.2204e-14               2.2204e-14                 0.51152                  0.48848               2.2204e-14              3     
    even_MAG-GUT89784.fa          2.2204e-14               2.2204e-14                 0.99989                0.0001073               2.2204e-14              3     
    even_MAG-GUT89815.fa          2.2202e-14               2.2202e-14                 0.99947               0.00053048               2.2202e-14              3     
    even_MAG-GUT89816.fa            2.22e-14                 2.22e-14                 0.12432                  0.87568                 2.22e-14              4     
    even_MAG-GUT89833.fa          2.2201e-14               2.2201e-14                 0.83357                  0.16643               2.2201e-14              3     
    even_MAG-GUT89836.fa          2.2204e-14               2.2204e-14                  0.5171                   0.4829               2.2204e-14              3     
    even_MAG-GUT89851.fa            2.22e-14                 2.22e-14                 0.12432                  0.87568                 2.22e-14              4     
    even_MAG-GUT89852.fa          2.2202e-14               2.2202e-14                 0.99933               0.00066611               2.2202e-14              3     
    even_MAG-GUT89858.fa             0.19701                  0.19701                 0.19701                  0.21196                  0.19701              4     
    even_MAG-GUT89860.fa             0.19701                  0.19701                 0.19701                  0.21196                  0.19701              4     
    even_MAG-GUT89941.fa             0.19701                  0.19701                 0.19701                  0.21196                  0.19701              4     
    even_MAG-GUT89992.fa             0.14971                  0.36621                 0.14971                  0.18467                  0.14971              2     
    even_MAG-GUT90020.fa            2.22e-14                 2.22e-14                 0.99899                0.0010073                 2.22e-14              3     
    even_MAG-GUT90054.fa          2.2204e-14               2.2204e-14                 0.99992               8.4125e-05               2.2204e-14              3     
    even_MAG-GUT90064.fa          7.3074e-12                  0.58628              7.3074e-12                  0.41372               7.3074e-12              2     
    even_MAG-GUT90077.fa          8.6125e-13                   0.5311              8.6125e-13                   0.4689               8.6125e-13              2     
    even_MAG-GUT90090.fa            2.22e-14                 2.22e-14                 0.89087                  0.10913                 2.22e-14              3     
    even_MAG-GUT90107.fa             0.15491                  0.37046                 0.15491                  0.16482                  0.15491              2     
    even_MAG-GUT90127.fa          4.6302e-12                  0.57486              4.6302e-12                  0.42514               4.6302e-12              2     
    even_MAG-GUT90143.fa            2.22e-14                 2.22e-14                 0.12432                  0.87568                 2.22e-14              4     
    even_MAG-GUT90167.fa             0.15491                  0.37046                 0.15491                  0.16482                  0.15491              2     
    even_MAG-GUT90189.fa             0.15491                  0.37046                 0.15491                  0.16482                  0.15491              2     
    even_MAG-GUT90251.fa          8.6125e-13                   0.5311              8.6125e-13                   0.4689               8.6125e-13              2     
    even_MAG-GUT90266.fa             0.15621                  0.37153                 0.15621                  0.15983                  0.15621              2     
    even_MAG-GUT90291.fa             0.15546                  0.37091                 0.15546                  0.16271                  0.15546              2     
    even_MAG-GUT90362.fa          2.2202e-14               2.2202e-14                 0.99949               0.00051443               2.2202e-14              3     
    even_MAG-GUT90368.fa          2.3893e-12                  0.56085              2.3893e-12                  0.43915               2.3893e-12              2     
    even_MAG-GUT90390.fa             0.14971                  0.36621                 0.14971                  0.18467                  0.14971              2     
    even_MAG-GUT90408.fa            2.22e-14                 2.22e-14                 0.12432                  0.87568                 2.22e-14              4     
    even_MAG-GUT90429.fa             0.34047                  0.50905              9.1396e-13                  0.15047               9.1396e-13              2     
    even_MAG-GUT90441.fa          2.2203e-14               2.2203e-14                 0.99975               0.00025312               2.2203e-14              3     
    even_MAG-GUT90442.fa            2.22e-14                 2.22e-14                 0.12454                  0.87546                 2.22e-14              4     
    even_MAG-GUT90444.fa             0.19701                  0.19701                 0.19701                  0.21196                  0.19701              4     
    even_MAG-GUT90475.fa             0.19701                  0.19701                 0.19701                  0.21196                  0.19701              4     
    even_MAG-GUT90505.fa          2.2198e-14                  0.99725              2.2198e-14                0.0027485               2.2198e-14              2     
    even_MAG-GUT90508.fa          2.2199e-14               2.2199e-14              2.2199e-14                 0.010116                  0.98988              5     
    even_MAG-GUT90581.fa             0.19701                  0.19701                 0.19701                  0.21196                  0.19701              4     
    even_MAG-GUT90598.fa          8.6125e-13                   0.5311              8.6125e-13                   0.4689               8.6125e-13              2     
    even_MAG-GUT90614.fa          2.2204e-14               2.2204e-14                 0.99993               6.6303e-05               2.2204e-14              3     
    even_MAG-GUT90615.fa            2.22e-14                 2.22e-14                 0.12432                  0.87568                 2.22e-14              4     
    even_MAG-GUT90630.fa          8.6125e-13                   0.5311              8.6125e-13                   0.4689               8.6125e-13              2     
    even_MAG-GUT90636.fa          1.3753e-13                  0.38014              1.3753e-13                  0.61986               1.3753e-13              4     
    even_MAG-GUT90671.fa          2.2203e-14               2.2203e-14                 0.99964               0.00035813               2.2203e-14              3     
    even_MAG-GUT90675.fa          2.2204e-14               2.2204e-14                 0.99997               2.8697e-05               2.2204e-14              3     
    even_MAG-GUT90682.fa          2.2204e-14               2.2204e-14                 0.99992               8.0389e-05               2.2204e-14              3     
    even_MAG-GUT90683.fa            2.22e-14                 2.22e-14                 0.12432                  0.87568                 2.22e-14              4     
    even_MAG-GUT90694.fa          2.2203e-14               2.2203e-14                 0.66443                  0.33557               2.2203e-14              3     
    even_MAG-GUT90730.fa          2.2204e-14               2.2204e-14                 0.99995               5.3928e-05               2.2204e-14              3     
    even_MAG-GUT90775.fa          2.2204e-14               2.2204e-14                 0.99982               0.00018008               2.2204e-14              3     
    even_MAG-GUT90777.fa          4.5201e-12                  0.57368              4.5201e-12                  0.42632               4.5201e-12              2     
    even_MAG-GUT90901.fa             0.15481                  0.37038                 0.15481                  0.16518                  0.15481              2     
    even_MAG-GUT90913.fa             0.19701                  0.19701                 0.19701                  0.21196                  0.19701              4     
    even_MAG-GUT90941.fa          2.2204e-14               2.2204e-14                 0.99989                0.0001071               2.2204e-14              3     
    even_MAG-GUT90946.fa          2.2198e-14                  0.99725              2.2198e-14                0.0027485               2.2198e-14              2     
    even_MAG-GUT90963.fa          2.2204e-14               2.2204e-14                 0.99999               5.3704e-06               2.2204e-14              3     
    even_MAG-GUT90975.fa          2.2198e-14                  0.99725              2.2198e-14                0.0027485               2.2198e-14              2     
    even_MAG-GUT90995.fa          2.2204e-14               2.2204e-14                 0.99997               2.6643e-05               2.2204e-14              3     
    even_MAG-GUT90996.fa            2.22e-14                 2.22e-14                 0.12432                  0.87568                 2.22e-14              4     
    even_MAG-GUT91012.fa            2.22e-14                 2.22e-14                 0.12432                  0.87568                 2.22e-14              4     
    even_MAG-GUT91014.fa          2.2203e-14               2.2203e-14                 0.99975               0.00025312               2.2203e-14              3     
    even_MAG-GUT91032.fa          1.6171e-13                  0.39263              1.6171e-13                  0.60737               1.6171e-13              4     
    even_MAG-GUT91072.fa             0.15378                  0.36954                 0.15378                  0.16912                  0.15378              2     
    even_MAG-GUT91110.fa          2.2201e-14               2.2201e-14                 0.83357                  0.16643               2.2201e-14              3     
    even_MAG-GUT91119.fa          2.2198e-14                  0.99725              2.2198e-14                0.0027485               2.2198e-14              2     
    even_MAG-GUT91131.fa             0.14971                  0.36621                 0.14971                  0.18467                  0.14971              2     
    even_MAG-GUT91135.fa          2.2198e-14                  0.99725              2.2198e-14                0.0027485               2.2198e-14              2     
    even_MAG-GUT91144.fa          2.2199e-14               2.2199e-14              2.2199e-14                 0.010116                  0.98988              5     
    even_MAG-GUT91192.fa          4.5269e-12                  0.57375              4.5269e-12                  0.42625               4.5269e-12              2     
    even_MAG-GUT91196.fa             0.15461                  0.37022                 0.15461                  0.16596                  0.15461              2     
    even_MAG-GUT91251.fa          3.5255e-12                  0.57127              3.5255e-12                  0.42873               3.5255e-12              2     
    even_MAG-GUT91262.fa             0.14958                  0.36611                 0.14958                  0.18516                  0.14958              2     
    even_MAG-GUT91264.fa             0.15233                  0.36835                 0.15233                  0.17467                  0.15233              2     
    even_MAG-GUT91267.fa             0.14958                  0.36611                 0.14958                  0.18516                  0.14958              2     
    even_MAG-GUT91272.fa          1.4837e-11                  0.59711              1.4837e-11                  0.40289               1.4837e-11              2     
    even_MAG-GUT91297.fa             0.15056                  0.36691                 0.15056                  0.18141                  0.15056              2     
    even_MAG-GUT91303.fa          4.8601e-12                  0.57719              4.8601e-12                  0.42281               4.8601e-12              2     
    even_MAG-GUT91320.fa             0.15187                  0.36797                 0.15187                  0.17643                  0.15187              2     
    even_MAG-GUT91330.fa          1.0156e-11                  0.59109              1.0156e-11                  0.40891               1.0156e-11              2     
    even_MAG-GUT91355.fa             0.19999                  0.19999                 0.19999                  0.20006                  0.19999              4     
    even_MAG-GUT91385.fa          1.0482e-11                   0.5923              1.0482e-11                   0.4077               1.0482e-11              2     
    even_MAG-GUT91468.fa          5.4175e-13                  0.52233              5.4175e-13                  0.47767               5.4175e-13              2     
    even_MAG-GUT91470.fa              0.1514                   0.3676                  0.1514                  0.17819                   0.1514              2     
    even_MAG-GUT91486.fa          5.4175e-13                  0.52233              5.4175e-13                  0.47767               5.4175e-13              2     
    even_MAG-GUT91490.fa          5.4163e-13                  0.52231              5.4163e-13                  0.47769               5.4163e-13              2     
    even_MAG-GUT91491.fa             0.15294                  0.36885                 0.15294                  0.17233                  0.15294              2     
    even_MAG-GUT91492.fa             0.15325                  0.36911                 0.15325                  0.17114                  0.15325              2     
    even_MAG-GUT91496.fa          1.5855e-12                   0.5477              1.5855e-12                   0.4523               1.5855e-12              2     
    even_MAG-GUT915.fa               0.19617                  0.19617                 0.19617                  0.21531                  0.19617              4     
    even_MAG-GUT91520.fa             0.15339                  0.36922                 0.15339                  0.17062                  0.15339              2     
    even_MAG-GUT91536.fa             0.14977                  0.36626                 0.14977                  0.18443                  0.14977              2     
    even_MAG-GUT91546.fa             0.15447                   0.3701                 0.15447                  0.16648                  0.15447              2     
    even_MAG-GUT91568.fa             0.15098                  0.36725                 0.15098                   0.1798                  0.15098              2     
    even_MAG-GUT91717.fa             0.15339                  0.36922                 0.15339                  0.17059                  0.15339              2     
    even_MAG-GUT91736.fa             0.15281                  0.36875                 0.15281                  0.17282                  0.15281              2     
    even_MAG-GUT91762.fa             0.15064                  0.36697                 0.15064                  0.18111                  0.15064              2     
    even_MAG-GUT91779.fa             0.14917                  0.36577                 0.14917                  0.18672                  0.14917              2     
    even_MAG-GUT91793.fa          2.2204e-14               2.2204e-14                 0.56698                  0.43302               2.2204e-14              3     
    even_MAG-GUT91815.fa          5.0254e-12                  0.57878              5.0254e-12                  0.42122               5.0254e-12              2     
    even_MAG-GUT91818.fa          5.0254e-12                  0.57878              5.0254e-12                  0.42122               5.0254e-12              2     
    even_MAG-GUT91821.fa               0.155                  0.37054                   0.155                  0.16446                    0.155              2     
    even_MAG-GUT91823.fa          1.5132e-11                  0.59777              1.5132e-11                  0.40223               1.5132e-11              2     
    even_MAG-GUT91833.fa             0.15262                  0.36859                 0.15262                  0.17355                  0.15262              2     
    even_MAG-GUT91860.fa          2.8594e-13                  0.45668              2.8594e-13                  0.54332               2.8594e-13              4     
    even_MAG-GUT91882.fa             0.14931                  0.36589                 0.14931                  0.18618                  0.14931              2     
    even_MAG-GUT91886.fa             0.15265                  0.36862                 0.15265                  0.17343                  0.15265              2     
    even_MAG-GUT91911.fa             0.15171                  0.36785                 0.15171                  0.17702                  0.15171              2     
    even_MAG-GUT91912.fa             0.15026                  0.36666                 0.15026                  0.18256                  0.15026              2     
    even_MAG-GUT91923.fa              0.1502                  0.36662                  0.1502                  0.18278                   0.1502              2     
    even_MAG-GUT91926.fa             0.15421                  0.36989                 0.15421                  0.16748                  0.15421              2     
    even_MAG-GUT91932.fa             0.15244                  0.36845                 0.15244                  0.17423                  0.15244              2     
    even_MAG-GUT91941.fa             0.15429                  0.36995                 0.15429                  0.16719                  0.15429              2     
    even_MAG-GUT91943.fa             0.15156                  0.36772                 0.15156                   0.1776                  0.15156              2     
    even_MAG-GUT91954.fa             0.15222                  0.36827                 0.15222                  0.17507                  0.15222              2     
    even_MAG-GUT91960.fa             0.15534                  0.37081                 0.15534                  0.16317                  0.15534              2     
    even_MAG-GUT92006.fa          2.3741e-12                  0.56049              2.3741e-12                  0.43951               2.3741e-12              2     
    even_MAG-GUT92066.fa              0.1526                  0.36857                  0.1526                  0.17363                   0.1526              2     
    even_MAG-GUT92111.fa             0.15252                   0.3685                 0.15252                  0.17395                  0.15252              2     
    even_MAG-GUT940.fa               0.15244                  0.36845                 0.15244                  0.17423                  0.15244              2     
    even_MAG-GUT945.fa               0.15504                  0.37056                 0.15504                  0.16433                  0.15504              2     
    even_MAG-GUT9692.fa              0.15242                  0.15242                 0.15242                  0.39033                  0.15242              4     
    even_MAG-GUT984.fa            1.1925e-13               1.1925e-13                 0.36917                  0.63083               1.1925e-13              4     

Process completed 
[?1l>