MATLAB is selecting SOFTWARE OPENGL rendering.
[?1h=
                            < M A T L A B (R) >
                  Copyright 1984-2019 The MathWorks, Inc.
              R2019b Update 5 (9.7.0.1319299) 64-bit (glnxa64)
                             February 19, 2020

 
To get started, type doc.
For product information, visit www.mathworks.com.
 
[H[2J
dataSet =

    'g__Prevotella/c__Bacteroidia'


testSet =

  0x0 empty char array


methodNum =

     1


dataSetPath =

    '/home/w328li/MLDSP-desktop/samples/g__Prevotella/c__Bacteroidia'


testSetPath =

    '/home/w328li/MLDSP-desktop/samples/'

Reading sequences .... 
display cluster name
o__Bacteroidales
display cluster name
o__Chitinophagales
display cluster name
o__Cytophagales
display cluster name
o__Flavobacteriales
display cluster name
o__Sphingobacteriales
Starting parallel pool (parpool) using the 'local' profile ...
Connected to the parallel pool (number of workers: 12).
Computing Distance matrix .... 
Performing classification .... 
(2,3):1
(2,5):1
(3,2):3
(4,3):1
(5,2):1
(5,4):3
testInd = 16 18 28 34 37 42 44 51 54 61 67 68 100 124 138 185 189 193 204 209 214 218 221 225 226 241 248 270 288 312 313 315 317 339 347 370 372 373 383 384 386 388 390 391 393 394 396 404 418 424 430 468 473 476 511 528 531 560 570 571 575 576 580 602 609 611 620 626 630 649 667 676 677 681 691 698 701 705 715 726 734 738 740 762 767 776 780 790 809 811 813 815 817 820 827 835 859 878 894 895 903 907 911 921 937 939 955 966 975 994 1002 1012 1030 1036 1052 1053 1072 1079 1089 1093 1108 1113 1117 1118 1134 1135 1137 1139 1148 1169 1200 1202 1207 1214 1215 1236 1244 1247 1254 1260 1273 1282 1284 1300 1301 1306 1311 1329 1330 1339 1349 1354 1357 1387 1392 1395 1403 1410 1417 1428 1433 1434 1444 1449 1456 1478 1508 1518 1519 1553 1556 1560 1566 1567 1575 1618 1621 1627 1633 1634 1639 1649 1651 1669 1672 1688 1690 1693 1711 1713 1717 1719 1721 1724 1725 1741 1752 1773 1774 1778 1789 1817 1819 1854 1862 1872 1874 1877 1882 1892 1905 1931 1932 1940 1941 1949 1968 1990 2002 2019 2026 2030 2041 2045 2059 2064 2065 2104 2105 2111 2124 2151 2170 2180 2181 2187 2206 2215 2236 2251 2255 2266 2279 2302 2313 2323 2326 2330 2347 2348 2355 2377 2382 2405 2414 2419 2420 2427 2432 2436 2442 2455 2456 2461 2463 2474 2475 2489 2495 2499 2501 2504 2513 2514 2521 2527 2563 2595 2601 2609 2612 2613 2645 2647 2653 2654 2656 2658 2660 2671 2674 2687 2691 2693 2703 2704 2706 2709 2713 2723 2736 2749 2754 2759 2803 2805 2811 2835 2839 2845 2846 2849 2859 2863 2866 2876 2879 2886 2889 2905 2907 2956 2957 2967 3004 3006 3019 3020 3038 3046 3057 3075 3077 3079 3080 3099 3126 3134 3135 3153 3157 3169 3172 3210 3213 3223 3234 3246 3259 3276 3281 3289 3297 3303 3305 3325 3331 3346 3354 3356 3366 3384 3396 3407 3408 3410 3424 3444 3452 3461 3477 3480 3482 3492 3496 3499 3511 3527 3553 3567 3576 3577 3594 3596 3604 3605 3610 3612 3615 3624 3632 3648 3649 3652 3653 3657 3668 3671 3680 3683 3689 3708 3709 3729 3742 3750 3758 3765 3775 3776 3781 3797 3803 3807 3811 3816 3829 3838 3841 3865 3881 3890 3896 3903 3905 3939 3951 3953 3969 3982 3984 4017 4026 4036 4040 4041 4044 4063 4094 4097 4111 4122 4136 4149 4213 4230 4262 4281 4296 4297 4322 4329 4339 4341 4343 4355 4363 4374 4418 4429 4441 4445 4472 4485 4488 4495 4496 4506 4509 4518 4532 4539 4546 4548 4549 4564 4572 4577 4605 4610 4618 4623 4632 4656 4684 4691 4692 4707 4717 4744 4749 4762 4767 4768 4779 4785 4804 4812 4830 4832 4837 4843 4846 4864 4867 4884 4886 4892 4922 4924 4927 4943 4955 4963 4972 4980 4981 4987 4998 5024 5025 5039 5043 5073 5088 5100 5120 5121 5131 5140 5160 5164 5204 5207 5209 5219 5222 5268 5279 5338 5341 5345 5348 5355 5362 5370 5388 5389 5407 5434 5436 5444 5448 5480 5508 5530 5536 5546 5551 5563 5565 5604 5663 5669 5670 5681 5685 5698 5704 5744 5768 5779 5781 5794 5812 5821 5835 5836 5838 5843 5866 5867 5869 5873 5878 5890 5899 5910 5918 5926 5931 5934 5940 5957 5958 5974 6028 6029 6040 6047 6053 6059 6064 6066 6078 6079 6083 6086 6088 6103 6111 6114 6122 6137 6140
predicted is: 5, ref is 2 
fileId is:    '/home/w328li/MLDSP-desktop/samples/g__Prevotella/c__Bacteroidia/o__Chitinophagales/RS_GCF_002557795.1_1.fasta'

predicted is: 3, ref is 2 
fileId is:    '/home/w328li/MLDSP-desktop/samples/g__Prevotella/c__Bacteroidia/o__Chitinophagales/RS_GCF_003390935.1_0.fasta'

predicted is: 2, ref is 3 
fileId is:    '/home/w328li/MLDSP-desktop/samples/g__Prevotella/c__Bacteroidia/o__Cytophagales/GB_GCA_001683905.1_0.fasta'

predicted is: 2, ref is 3 
fileId is:    '/home/w328li/MLDSP-desktop/samples/g__Prevotella/c__Bacteroidia/o__Cytophagales/RS_GCF_000331535.1_1.fasta'

predicted is: 2, ref is 3 
fileId is:    '/home/w328li/MLDSP-desktop/samples/g__Prevotella/c__Bacteroidia/o__Cytophagales/RS_GCF_001870735.1_0.fasta'

predicted is: 3, ref is 4 
fileId is:    '/home/w328li/MLDSP-desktop/samples/g__Prevotella/c__Bacteroidia/o__Flavobacteriales/GB_GCA_002396605.1_1.fasta'

predicted is: 4, ref is 5 
fileId is:    '/home/w328li/MLDSP-desktop/samples/g__Prevotella/c__Bacteroidia/o__Sphingobacteriales/RS_GCF_001652725.1_1.fasta'

predicted is: 4, ref is 5 
fileId is:    '/home/w328li/MLDSP-desktop/samples/g__Prevotella/c__Bacteroidia/o__Sphingobacteriales/RS_GCF_004368405.1_0.fasta'

predicted is: 2, ref is 5 
fileId is:    '/home/w328li/MLDSP-desktop/samples/g__Prevotella/c__Bacteroidia/o__Sphingobacteriales/RS_GCF_900112315.1_1.fasta'

predicted is: 4, ref is 5 
fileId is:    '/home/w328li/MLDSP-desktop/samples/g__Prevotella/c__Bacteroidia/o__Sphingobacteriales/RS_GCF_900182575.1_0.fasta'

(2,4):2
(4,1):1
(4,3):1
testInd = 36 52 74 78 106 107 109 114 118 121 130 166 170 172 173 178 180 196 197 215 216 228 229 275 292 310 321 330 344 354 379 385 400 402 405 406 411 419 427 449 457 459 465 480 486 512 550 551 552 557 561 562 567 572 581 594 595 599 604 617 625 627 629 641 642 643 650 653 659 664 672 683 697 708 720 733 746 751 757 761 765 768 784 786 791 807 812 823 843 849 862 863 871 887 889 898 902 930 941 953 958 965 968 971 972 980 990 996 1001 1016 1032 1060 1062 1064 1071 1077 1086 1119 1120 1122 1129 1140 1153 1163 1179 1184 1187 1190 1204 1208 1242 1256 1259 1268 1291 1304 1315 1348 1352 1359 1365 1378 1385 1402 1418 1422 1442 1457 1461 1476 1485 1489 1515 1517 1520 1521 1533 1543 1547 1550 1581 1602 1613 1619 1629 1646 1652 1659 1661 1670 1671 1673 1676 1694 1706 1707 1715 1737 1740 1744 1769 1776 1780 1788 1798 1810 1821 1823 1836 1846 1850 1855 1857 1871 1885 1889 1897 1909 1922 1925 1927 1948 1967 1977 1993 2004 2015 2021 2025 2034 2053 2069 2087 2091 2092 2094 2096 2113 2122 2134 2135 2146 2164 2179 2203 2253 2256 2259 2289 2290 2301 2311 2318 2325 2356 2360 2390 2400 2428 2440 2444 2451 2452 2460 2469 2471 2472 2485 2500 2510 2515 2537 2543 2571 2579 2589 2598 2625 2637 2670 2672 2680 2681 2708 2740 2747 2752 2756 2778 2790 2804 2808 2815 2822 2823 2858 2865 2882 2899 2922 2949 2953 2966 2980 2991 3000 3001 3059 3063 3071 3072 3073 3089 3098 3104 3113 3120 3124 3139 3142 3162 3164 3165 3177 3189 3195 3202 3206 3211 3218 3232 3236 3241 3261 3264 3273 3285 3292 3293 3299 3318 3324 3341 3347 3359 3369 3370 3375 3376 3378 3382 3387 3395 3401 3404 3415 3419 3422 3448 3472 3490 3505 3525 3533 3538 3547 3549 3554 3584 3586 3593 3621 3664 3669 3673 3675 3678 3681 3701 3715 3741 3743 3754 3772 3778 3794 3800 3820 3823 3825 3836 3839 3843 3856 3863 3872 3874 3880 3887 3895 3898 3900 3901 3913 3914 3945 3968 3973 3975 3980 3983 3997 4001 4013 4042 4047 4053 4068 4086 4087 4137 4147 4166 4173 4178 4192 4206 4214 4217 4229 4235 4241 4265 4274 4275 4299 4306 4320 4330 4357 4358 4372 4377 4380 4393 4394 4396 4399 4400 4402 4403 4407 4411 4423 4437 4439 4477 4479 4491 4494 4536 4540 4547 4554 4567 4569 4580 4583 4593 4595 4597 4612 4625 4631 4633 4636 4639 4651 4679 4681 4682 4685 4688 4689 4695 4701 4703 4705 4721 4722 4734 4741 4746 4755 4759 4770 4771 4787 4797 4816 4823 4825 4829 4835 4840 4845 4854 4859 4865 4881 4889 4897 4905 4908 4968 4983 4984 4985 4995 5006 5018 5019 5031 5040 5061 5077 5084 5093 5095 5097 5105 5116 5117 5129 5158 5162 5175 5189 5190 5191 5198 5220 5254 5256 5259 5261 5269 5270 5274 5277 5325 5340 5349 5351 5371 5383 5386 5390 5394 5400 5415 5420 5426 5446 5476 5477 5483 5509 5512 5523 5524 5527 5528 5541 5564 5568 5576 5601 5606 5608 5620 5633 5634 5659 5666 5672 5677 5716 5721 5735 5741 5747 5754 5760 5770 5793 5804 5806 5820 5825 5833 5839 5841 5847 5861 5871 5876 5877 5898 5919 5920 5923 5948 5950 5953 5959 5965 5966 5979 6001 6011 6021 6030 6048 6057 6060 6072 6085 6090 6093 6099 6116 6123 6138 6144 6146
predicted is: 4, ref is 2 
fileId is:    '/home/w328li/MLDSP-desktop/samples/g__Prevotella/c__Bacteroidia/o__Chitinophagales/GB_GCA_002482725.1_0.fasta'

predicted is: 4, ref is 2 
fileId is:    '/home/w328li/MLDSP-desktop/samples/g__Prevotella/c__Bacteroidia/o__Chitinophagales/GB_GCA_002482845.1_1.fasta'

predicted is: 1, ref is 4 
fileId is:    '/home/w328li/MLDSP-desktop/samples/g__Prevotella/c__Bacteroidia/o__Flavobacteriales/GB_GCA_003150615.1_1.fasta'

predicted is: 3, ref is 4 
fileId is:    '/home/w328li/MLDSP-desktop/samples/g__Prevotella/c__Bacteroidia/o__Flavobacteriales/RS_GCF_000973105.1_1.fasta'

(1,4):1
(2,1):1
(2,3):2
(2,4):2
(3,2):1
(3,4):3
(3,5):1
(4,2):1
(4,3):1
(5,4):1
testInd = 8 9 27 49 62 65 83 95 104 108 115 116 128 129 142 158 168 174 203 239 240 251 260 268 274 280 283 298 305 309 314 334 349 355 358 363 368 378 387 392 422 429 442 447 461 472 481 495 503 510 515 521 525 535 536 538 566 568 569 605 613 616 618 623 644 689 693 700 703 711 742 779 782 792 800 806 808 814 825 855 856 864 870 873 882 918 922 927 976 1004 1005 1006 1019 1045 1047 1061 1094 1111 1116 1131 1143 1151 1156 1161 1191 1226 1232 1241 1243 1245 1269 1287 1316 1319 1328 1341 1350 1375 1376 1390 1404 1405 1407 1421 1435 1448 1460 1483 1492 1493 1501 1504 1509 1545 1549 1578 1588 1589 1590 1594 1604 1608 1614 1645 1650 1679 1701 1755 1768 1783 1793 1794 1805 1806 1816 1824 1847 1848 1851 1867 1876 1907 1908 1936 1937 1946 1953 1959 1960 1971 1975 1982 1983 1987 1999 2008 2014 2029 2035 2076 2083 2101 2106 2107 2138 2149 2152 2160 2165 2175 2185 2190 2191 2201 2218 2221 2243 2245 2249 2250 2267 2270 2280 2282 2285 2299 2304 2306 2307 2308 2340 2346 2361 2362 2363 2373 2388 2391 2392 2396 2410 2413 2423 2425 2449 2457 2459 2468 2470 2476 2486 2492 2509 2517 2522 2536 2552 2553 2557 2560 2573 2574 2586 2606 2611 2614 2621 2628 2630 2631 2650 2655 2661 2667 2675 2686 2710 2712 2717 2729 2743 2751 2774 2779 2784 2787 2789 2801 2812 2824 2826 2828 2833 2837 2856 2864 2872 2887 2900 2925 2933 2935 2939 2952 2958 2960 2961 2975 2979 2981 2987 2988 2998 3017 3021 3025 3026 3028 3029 3050 3066 3070 3078 3095 3096 3105 3106 3111 3116 3140 3156 3160 3166 3216 3252 3307 3317 3322 3326 3334 3337 3339 3340 3357 3358 3367 3385 3402 3411 3421 3425 3445 3450 3451 3453 3455 3458 3464 3474 3475 3479 3485 3491 3504 3513 3517 3550 3566 3570 3572 3580 3589 3602 3608 3609 3616 3618 3639 3658 3688 3695 3696 3700 3703 3705 3717 3718 3735 3736 3737 3738 3751 3757 3759 3764 3780 3786 3795 3817 3819 3834 3835 3849 3853 3860 3862 3886 3889 3892 3893 3923 3924 3932 3952 3967 3974 3986 3987 3990 3996 3999 4000 4019 4024 4027 4029 4033 4050 4055 4069 4075 4076 4082 4085 4088 4105 4110 4126 4127 4128 4135 4151 4153 4155 4162 4177 4181 4184 4187 4188 4189 4197 4200 4202 4208 4227 4257 4278 4280 4287 4326 4327 4334 4345 4349 4353 4382 4384 4386 4397 4405 4408 4409 4416 4420 4421 4425 4448 4463 4465 4469 4476 4478 4502 4552 4556 4558 4559 4578 4585 4591 4596 4603 4609 4613 4626 4634 4638 4642 4650 4654 4675 4676 4702 4710 4711 4712 4714 4731 4758 4760 4774 4778 4818 4828 4836 4842 4862 4873 4888 4902 4904 4942 4956 4960 4976 4979 4991 5003 5008 5015 5017 5022 5027 5028 5030 5064 5079 5110 5118 5122 5125 5149 5174 5176 5182 5186 5194 5205 5214 5230 5231 5236 5239 5263 5267 5272 5288 5290 5300 5303 5353 5354 5358 5364 5365 5372 5410 5413 5418 5432 5441 5447 5468 5494 5500 5521 5522 5526 5535 5547 5553 5581 5599 5605 5609 5627 5637 5644 5649 5650 5668 5683 5691 5693 5699 5701 5707 5712 5718 5726 5737 5764 5772 5777 5782 5818 5845 5851 5868 5875 5897 5922 5939 5955 5968 5972 5975 5976 5986 5991 5994 6002 6016 6020 6022 6023 6068 6074 6076 6104 6109 6112 6117 6130 6131
predicted is: 4, ref is 1 
fileId is:    '/home/w328li/MLDSP-desktop/samples/g__Prevotella/c__Bacteroidia/o__Bacteroidales/RS_GCF_900292045.1_0.fasta'

predicted is: 4, ref is 2 
fileId is:    '/home/w328li/MLDSP-desktop/samples/g__Prevotella/c__Bacteroidia/o__Chitinophagales/GB_GCA_002862745.1_0.fasta'

predicted is: 4, ref is 2 
fileId is:    '/home/w328li/MLDSP-desktop/samples/g__Prevotella/c__Bacteroidia/o__Chitinophagales/GB_GCA_003447535.1_1.fasta'

predicted is: 3, ref is 2 
fileId is:    '/home/w328li/MLDSP-desktop/samples/g__Prevotella/c__Bacteroidia/o__Chitinophagales/GB_GCA_003648285.1_1.fasta'

predicted is: 1, ref is 2 
fileId is:    '/home/w328li/MLDSP-desktop/samples/g__Prevotella/c__Bacteroidia/o__Chitinophagales/RS_GCF_000275825.1_0.fasta'

predicted is: 3, ref is 2 
fileId is:    '/home/w328li/MLDSP-desktop/samples/g__Prevotella/c__Bacteroidia/o__Chitinophagales/RS_GCF_900107765.1_0.fasta'

predicted is: 5, ref is 3 
fileId is:    '/home/w328li/MLDSP-desktop/samples/g__Prevotella/c__Bacteroidia/o__Cytophagales/GB_GCA_001683905.1_1.fasta'

predicted is: 2, ref is 3 
fileId is:    '/home/w328li/MLDSP-desktop/samples/g__Prevotella/c__Bacteroidia/o__Cytophagales/GB_GCA_004294225.1_1.fasta'

predicted is: 4, ref is 3 
fileId is:    '/home/w328li/MLDSP-desktop/samples/g__Prevotella/c__Bacteroidia/o__Cytophagales/RS_GCF_000325705.1_1.fasta'

predicted is: 4, ref is 3 
fileId is:    '/home/w328li/MLDSP-desktop/samples/g__Prevotella/c__Bacteroidia/o__Cytophagales/RS_GCF_004005965.1_0.fasta'

predicted is: 4, ref is 3 
fileId is:    '/home/w328li/MLDSP-desktop/samples/g__Prevotella/c__Bacteroidia/o__Cytophagales/RS_GCF_900111515.1_1.fasta'

predicted is: 2, ref is 4 
fileId is:    '/home/w328li/MLDSP-desktop/samples/g__Prevotella/c__Bacteroidia/o__Flavobacteriales/GB_GCA_002405435.1_0.fasta'

predicted is: 3, ref is 4 
fileId is:    '/home/w328li/MLDSP-desktop/samples/g__Prevotella/c__Bacteroidia/o__Flavobacteriales/GB_GCA_002501205.1_0.fasta'

predicted is: 4, ref is 5 
fileId is:    '/home/w328li/MLDSP-desktop/samples/g__Prevotella/c__Bacteroidia/o__Sphingobacteriales/RS_GCF_900168055.1_1.fasta'

(1,3):1
(1,4):1
(2,3):1
(2,4):3
(3,1):1
(3,2):1
(3,4):2
(4,3):1
(5,4):1
testInd = 1 12 25 30 31 58 60 64 66 69 76 80 89 90 112 119 123 144 146 165 167 169 176 183 207 213 233 235 236 242 247 255 256 263 285 295 297 307 323 326 336 342 346 364 374 377 398 407 408 410 435 436 443 460 467 475 478 507 519 524 526 540 544 553 554 564 591 607 622 636 647 658 673 679 680 686 702 716 717 725 727 730 744 753 764 773 824 833 834 844 858 866 867 886 892 900 920 942 950 978 984 985 986 1007 1018 1022 1025 1029 1034 1040 1057 1063 1068 1074 1091 1096 1098 1099 1102 1104 1112 1114 1121 1127 1138 1146 1152 1155 1157 1166 1171 1192 1213 1223 1228 1248 1255 1257 1278 1283 1302 1309 1313 1317 1318 1324 1327 1332 1380 1386 1389 1397 1400 1420 1427 1462 1463 1466 1468 1472 1479 1491 1494 1498 1500 1512 1530 1546 1561 1568 1569 1572 1574 1598 1599 1605 1606 1626 1635 1640 1644 1653 1656 1664 1665 1680 1692 1704 1708 1709 1723 1743 1759 1765 1777 1792 1795 1813 1828 1834 1835 1843 1853 1859 1869 1873 1886 1891 1895 1899 1906 1917 1930 1969 1970 1980 1991 1992 1994 1996 1998 2000 2022 2054 2056 2057 2060 2078 2088 2095 2098 2099 2100 2103 2114 2129 2133 2142 2147 2153 2157 2166 2173 2184 2186 2188 2196 2205 2208 2213 2217 2219 2231 2242 2276 2283 2298 2310 2315 2322 2327 2335 2339 2341 2345 2357 2380 2403 2415 2438 2445 2453 2458 2464 2493 2503 2524 2529 2554 2562 2572 2592 2617 2626 2629 2649 2657 2666 2725 2726 2758 2765 2766 2767 2768 2793 2795 2818 2827 2840 2842 2844 2861 2877 2890 2891 2901 2908 2912 2921 2929 2946 2959 2964 2999 3007 3009 3010 3027 3041 3043 3047 3048 3049 3055 3083 3087 3103 3108 3117 3123 3128 3131 3133 3144 3148 3155 3158 3175 3179 3186 3191 3198 3201 3212 3222 3230 3239 3240 3268 3312 3321 3343 3351 3352 3380 3403 3405 3431 3435 3447 3486 3494 3509 3512 3515 3535 3541 3543 3552 3558 3582 3590 3598 3613 3619 3625 3629 3630 3634 3640 3655 3684 3686 3687 3691 3704 3713 3721 3723 3782 3798 3804 3813 3830 3870 3875 3921 3928 3936 3937 3998 4009 4049 4061 4101 4114 4116 4118 4119 4120 4129 4130 4139 4144 4171 4174 4186 4204 4211 4220 4221 4224 4231 4234 4243 4250 4273 4285 4308 4335 4336 4337 4360 4366 4369 4373 4375 4387 4390 4422 4453 4460 4462 4464 4471 4480 4482 4492 4503 4510 4530 4538 4557 4565 4575 4582 4587 4590 4598 4607 4608 4617 4627 4647 4659 4660 4661 4680 4700 4715 4745 4750 4753 4765 4766 4786 4801 4811 4814 4849 4852 4872 4900 4929 4933 4935 4941 5001 5013 5016 5042 5052 5053 5057 5058 5067 5070 5076 5085 5092 5099 5107 5108 5123 5132 5133 5135 5137 5138 5170 5171 5197 5203 5206 5226 5227 5229 5235 5240 5246 5258 5273 5280 5293 5306 5310 5311 5316 5322 5330 5346 5360 5363 5379 5382 5397 5398 5399 5412 5421 5424 5425 5430 5437 5461 5467 5472 5478 5481 5486 5501 5503 5505 5531 5537 5544 5561 5571 5574 5624 5626 5635 5636 5641 5667 5676 5692 5694 5702 5703 5724 5729 5738 5751 5757 5759 5762 5763 5769 5775 5783 5795 5798 5805 5814 5816 5817 5832 5844 5849 5856 5859 5864 5906 5907 5909 5983 5988 6003 6005 6007 6009 6013 6045 6069 6070 6075 6080 6091 6101 6107 6134 6141 6143 6145
predicted is: 3, ref is 1 
fileId is:    '/home/w328li/MLDSP-desktop/samples/g__Prevotella/c__Bacteroidia/o__Bacteroidales/GB_GCA_002317295.1_0.fasta'

predicted is: 4, ref is 1 
fileId is:    '/home/w328li/MLDSP-desktop/samples/g__Prevotella/c__Bacteroidia/o__Bacteroidales/RS_GCF_003096835.1_0.fasta'

predicted is: 4, ref is 2 
fileId is:    '/home/w328li/MLDSP-desktop/samples/g__Prevotella/c__Bacteroidia/o__Chitinophagales/GB_GCA_001567165.1_0.fasta'

predicted is: 4, ref is 2 
fileId is:    '/home/w328li/MLDSP-desktop/samples/g__Prevotella/c__Bacteroidia/o__Chitinophagales/GB_GCA_001567165.1_1.fasta'

predicted is: 3, ref is 2 
fileId is:    '/home/w328li/MLDSP-desktop/samples/g__Prevotella/c__Bacteroidia/o__Chitinophagales/GB_GCA_002482845.1_0.fasta'

predicted is: 4, ref is 2 
fileId is:    '/home/w328li/MLDSP-desktop/samples/g__Prevotella/c__Bacteroidia/o__Chitinophagales/RS_GCF_900112615.1_1.fasta'

predicted is: 4, ref is 3 
fileId is:    '/home/w328li/MLDSP-desktop/samples/g__Prevotella/c__Bacteroidia/o__Cytophagales/RS_GCF_000020565.1_1.fasta'

predicted is: 2, ref is 3 
fileId is:    '/home/w328li/MLDSP-desktop/samples/g__Prevotella/c__Bacteroidia/o__Cytophagales/RS_GCF_000348925.1_0.fasta'

predicted is: 4, ref is 3 
fileId is:    '/home/w328li/MLDSP-desktop/samples/g__Prevotella/c__Bacteroidia/o__Cytophagales/RS_GCF_003171675.1_0.fasta'

predicted is: 1, ref is 3 
fileId is:    '/home/w328li/MLDSP-desktop/samples/g__Prevotella/c__Bacteroidia/o__Cytophagales/RS_GCF_900100765.1_0.fasta'

predicted is: 3, ref is 4 
fileId is:    '/home/w328li/MLDSP-desktop/samples/g__Prevotella/c__Bacteroidia/o__Flavobacteriales/GB_GCA_002705995.1_0.fasta'

predicted is: 4, ref is 5 
fileId is:    '/home/w328li/MLDSP-desktop/samples/g__Prevotella/c__Bacteroidia/o__Sphingobacteriales/RS_GCF_900182575.1_1.fasta'

(1,3):1
(1,4):1
(2,3):1
(2,4):1
(3,4):2
(4,1):1
(4,3):1
testInd = 3 6 21 22 24 39 46 88 97 99 113 127 134 137 141 152 155 157 208 212 219 230 250 300 301 303 304 311 319 327 350 357 361 362 367 414 416 417 428 462 464 474 477 479 484 485 487 492 497 505 518 532 541 556 558 578 610 612 619 621 631 638 640 648 660 668 669 670 682 685 688 695 704 718 739 754 755 769 787 788 796 829 832 840 842 857 874 876 881 883 917 929 938 940 948 952 954 970 973 989 993 1003 1008 1031 1054 1065 1095 1100 1105 1124 1125 1133 1150 1154 1185 1196 1201 1276 1285 1294 1297 1303 1320 1351 1355 1362 1363 1366 1368 1370 1391 1399 1406 1409 1413 1445 1455 1465 1475 1480 1495 1535 1536 1562 1570 1585 1596 1600 1603 1616 1617 1620 1622 1623 1625 1628 1637 1638 1641 1703 1718 1727 1730 1748 1758 1767 1771 1801 1825 1829 1831 1849 1860 1864 1870 1896 1921 1924 1929 1938 1942 1951 1957 1963 1964 1985 1995 2010 2020 2027 2033 2043 2070 2080 2085 2102 2117 2123 2127 2137 2139 2144 2156 2168 2178 2189 2198 2200 2230 2237 2257 2260 2263 2268 2284 2300 2334 2343 2354 2359 2369 2371 2375 2385 2395 2398 2401 2407 2439 2441 2466 2494 2497 2506 2518 2528 2532 2540 2547 2549 2566 2580 2584 2596 2597 2603 2608 2610 2634 2652 2659 2684 2707 2711 2714 2720 2721 2728 2737 2739 2746 2753 2769 2772 2807 2809 2810 2813 2814 2816 2850 2878 2888 2914 2916 2919 2926 2928 2930 2934 2954 2973 2974 2983 3008 3030 3032 3035 3060 3065 3090 3102 3107 3109 3115 3127 3130 3138 3152 3161 3167 3181 3185 3190 3196 3209 3215 3227 3235 3251 3256 3262 3265 3269 3275 3283 3288 3294 3302 3306 3363 3379 3388 3397 3426 3428 3498 3520 3521 3524 3529 3531 3542 3555 3565 3568 3571 3574 3578 3581 3597 3599 3603 3627 3641 3650 3660 3667 3702 3720 3722 3725 3728 3740 3760 3762 3767 3788 3789 3790 3793 3810 3827 3842 3844 3854 3877 3925 3930 3956 3979 3988 4010 4012 4018 4020 4021 4046 4064 4074 4078 4084 4093 4113 4123 4125 4131 4132 4140 4142 4150 4160 4193 4207 4228 4251 4255 4271 4282 4283 4284 4303 4304 4312 4315 4328 4332 4344 4348 4362 4391 4395 4404 4406 4415 4426 4427 4428 4438 4440 4443 4450 4461 4483 4486 4490 4493 4504 4513 4514 4515 4517 4519 4523 4526 4529 4535 4541 4566 4568 4574 4611 4621 4630 4635 4646 4652 4662 4667 4670 4673 4678 4693 4697 4704 4713 4718 4723 4725 4730 4754 4769 4773 4776 4783 4788 4789 4799 4805 4809 4827 4833 4851 4866 4871 4880 4893 4894 4901 4910 4911 4912 4918 4919 4921 4930 4934 4947 4949 4952 4953 4957 4967 4974 4988 4990 4994 4996 5002 5014 5044 5049 5054 5056 5065 5089 5090 5096 5103 5126 5139 5141 5153 5183 5184 5193 5195 5196 5210 5215 5218 5257 5264 5266 5281 5284 5286 5287 5292 5299 5302 5308 5367 5384 5395 5414 5416 5417 5423 5431 5439 5452 5453 5454 5462 5464 5504 5507 5511 5519 5540 5554 5558 5582 5585 5590 5610 5611 5614 5621 5642 5643 5647 5653 5658 5695 5700 5722 5727 5743 5752 5755 5765 5767 5776 5784 5791 5799 5809 5826 5828 5829 5846 5853 5880 5885 5895 5915 5917 5925 5928 5935 5942 5952 5987 5989 5993 5997 6025 6031 6035 6036 6041 6063 6065 6094 6095 6113 6119 6120 6126 6128 6129 6133 6142 6153
predicted is: 3, ref is 1 
fileId is:    '/home/w328li/MLDSP-desktop/samples/g__Prevotella/c__Bacteroidia/o__Bacteroidales/GB_GCA_003550725.1_1.fasta'

predicted is: 4, ref is 1 
fileId is:    '/home/w328li/MLDSP-desktop/samples/g__Prevotella/c__Bacteroidia/o__Bacteroidales/GB_GCA_900318345.1_1.fasta'

predicted is: 4, ref is 2 
fileId is:    '/home/w328li/MLDSP-desktop/samples/g__Prevotella/c__Bacteroidia/o__Chitinophagales/GB_GCA_002471345.1_0.fasta'

predicted is: 3, ref is 2 
fileId is:    '/home/w328li/MLDSP-desktop/samples/g__Prevotella/c__Bacteroidia/o__Chitinophagales/GB_GCA_003447535.1_0.fasta'

predicted is: 4, ref is 3 
fileId is:    '/home/w328li/MLDSP-desktop/samples/g__Prevotella/c__Bacteroidia/o__Cytophagales/GB_GCA_002715645.1_0.fasta'

predicted is: 4, ref is 3 
fileId is:    '/home/w328li/MLDSP-desktop/samples/g__Prevotella/c__Bacteroidia/o__Cytophagales/GB_GCA_004294265.1_1.fasta'

predicted is: 1, ref is 4 
fileId is:    '/home/w328li/MLDSP-desktop/samples/g__Prevotella/c__Bacteroidia/o__Flavobacteriales/GB_GCA_002314265.1_0.fasta'

predicted is: 3, ref is 4 
fileId is:    '/home/w328li/MLDSP-desktop/samples/g__Prevotella/c__Bacteroidia/o__Flavobacteriales/GB_GCA_002429085.1_1.fasta'

(1,4):3
(2,4):1
(3,4):3
(4,1):1
(4,2):1
(4,3):1
(4,5):1
(5,3):1
(5,4):1
testInd = 23 26 29 59 73 84 92 96 136 145 153 156 184 198 199 238 244 246 262 277 293 308 328 329 332 333 341 343 352 369 371 395 413 441 454 470 471 488 490 491 522 523 537 539 545 548 574 577 583 584 586 589 590 601 603 608 624 634 645 646 665 675 707 709 712 713 721 729 732 743 748 760 785 794 797 802 822 839 847 848 851 865 879 897 914 916 925 928 935 943 946 949 959 961 963 981 992 998 999 1009 1010 1017 1023 1035 1056 1058 1106 1110 1115 1141 1147 1165 1168 1182 1183 1193 1194 1195 1205 1210 1212 1217 1221 1224 1237 1239 1251 1253 1270 1271 1277 1280 1281 1289 1292 1296 1337 1344 1353 1388 1394 1414 1419 1426 1454 1467 1477 1497 1499 1503 1511 1522 1528 1551 1555 1565 1573 1586 1591 1593 1607 1631 1648 1655 1663 1666 1668 1681 1689 1695 1700 1702 1710 1712 1722 1729 1738 1749 1750 1751 1754 1775 1782 1784 1790 1800 1803 1811 1839 1845 1866 1875 1888 1914 1923 1926 1928 1933 1944 1962 1966 1979 1989 1997 2005 2006 2007 2016 2039 2044 2066 2072 2074 2082 2084 2090 2093 2097 2115 2130 2136 2150 2177 2182 2192 2193 2210 2224 2226 2232 2246 2261 2272 2277 2278 2293 2305 2312 2319 2320 2328 2338 2366 2374 2412 2437 2446 2447 2484 2487 2520 2546 2569 2582 2585 2594 2615 2640 2643 2662 2665 2677 2679 2697 2698 2732 2733 2748 2757 2775 2786 2806 2819 2820 2825 2843 2852 2853 2857 2880 2893 2894 2896 2902 2906 2918 2938 2943 2944 2947 2950 2955 2971 2972 2985 2992 2994 2996 3005 3015 3016 3018 3037 3045 3052 3053 3081 3085 3086 3101 3112 3129 3145 3147 3159 3163 3173 3182 3192 3193 3219 3237 3263 3280 3282 3284 3295 3314 3319 3328 3353 3386 3392 3399 3406 3413 3417 3430 3438 3454 3460 3465 3466 3473 3478 3481 3488 3495 3497 3530 3536 3559 3562 3575 3592 3595 3607 3617 3626 3638 3643 3644 3645 3646 3651 3661 3674 3677 3685 3694 3724 3727 3733 3769 3774 3784 3796 3833 3847 3852 3859 3871 3876 3879 3906 3907 3910 3911 3915 3916 3922 3938 3941 3942 3947 3960 3962 3976 3994 4007 4008 4023 4038 4043 4045 4048 4060 4065 4067 4090 4099 4100 4106 4159 4198 4199 4226 4236 4240 4244 4256 4270 4298 4307 4314 4319 4321 4324 4340 4347 4352 4356 4376 4381 4383 4389 4392 4410 4414 4430 4431 4444 4446 4447 4455 4456 4505 4520 4521 4522 4524 4525 4527 4533 4537 4555 4589 4604 4616 4645 4690 4699 4716 4727 4729 4742 4756 4761 4775 4782 4790 4794 4819 4857 4860 4879 4899 4909 4914 4925 4926 4939 4940 4944 4954 4958 4961 4966 4970 4997 5020 5023 5026 5034 5041 5048 5059 5063 5066 5075 5078 5094 5109 5113 5115 5124 5127 5128 5157 5169 5172 5177 5180 5188 5199 5217 5228 5232 5233 5238 5241 5244 5282 5289 5309 5313 5317 5321 5328 5331 5334 5343 5350 5366 5368 5376 5377 5378 5391 5392 5406 5427 5429 5443 5451 5455 5458 5459 5465 5469 5473 5479 5487 5489 5492 5493 5532 5549 5550 5586 5589 5591 5593 5598 5616 5618 5623 5646 5655 5660 5661 5665 5674 5675 5678 5682 5684 5690 5710 5717 5731 5734 5742 5766 5785 5797 5803 5824 5857 5882 5888 5892 5902 5903 5916 5933 5941 5946 5954 5956 5963 5982 6008 6010 6015 6018 6043 6052 6067 6084 6108 6132 6139 6148 6151 6152
predicted is: 4, ref is 1 
fileId is:    '/home/w328li/MLDSP-desktop/samples/g__Prevotella/c__Bacteroidia/o__Bacteroidales/GB_GCA_002317435.1_1.fasta'

predicted is: 4, ref is 1 
fileId is:    '/home/w328li/MLDSP-desktop/samples/g__Prevotella/c__Bacteroidia/o__Bacteroidales/GB_GCA_002840895.1_0.fasta'

predicted is: 4, ref is 1 
fileId is:    '/home/w328li/MLDSP-desktop/samples/g__Prevotella/c__Bacteroidia/o__Bacteroidales/RS_GCF_001553215.1_0.fasta'

predicted is: 4, ref is 2 
fileId is:    '/home/w328li/MLDSP-desktop/samples/g__Prevotella/c__Bacteroidia/o__Chitinophagales/RS_GCF_000724545.1_0.fasta'

predicted is: 4, ref is 3 
fileId is:    '/home/w328li/MLDSP-desktop/samples/g__Prevotella/c__Bacteroidia/o__Cytophagales/GB_GCA_004293265.1_1.fasta'

predicted is: 4, ref is 3 
fileId is:    '/home/w328li/MLDSP-desktop/samples/g__Prevotella/c__Bacteroidia/o__Cytophagales/RS_GCF_000265075.1_1.fasta'

predicted is: 4, ref is 3 
fileId is:    '/home/w328li/MLDSP-desktop/samples/g__Prevotella/c__Bacteroidia/o__Cytophagales/RS_GCF_000775915.1_1.fasta'

predicted is: 1, ref is 4 
fileId is:    '/home/w328li/MLDSP-desktop/samples/g__Prevotella/c__Bacteroidia/o__Flavobacteriales/GB_GCA_002378565.1_1.fasta'

predicted is: 3, ref is 4 
fileId is:    '/home/w328li/MLDSP-desktop/samples/g__Prevotella/c__Bacteroidia/o__Flavobacteriales/GB_GCA_002389645.1_0.fasta'

predicted is: 5, ref is 4 
fileId is:    '/home/w328li/MLDSP-desktop/samples/g__Prevotella/c__Bacteroidia/o__Flavobacteriales/GB_GCA_003045865.1_0.fasta'

predicted is: 2, ref is 4 
fileId is:    '/home/w328li/MLDSP-desktop/samples/g__Prevotella/c__Bacteroidia/o__Flavobacteriales/RS_GCF_900187185.1_0.fasta'

predicted is: 3, ref is 5 
fileId is:    '/home/w328li/MLDSP-desktop/samples/g__Prevotella/c__Bacteroidia/o__Sphingobacteriales/GB_GCA_004211595.1_1.fasta'

predicted is: 4, ref is 5 
fileId is:    '/home/w328li/MLDSP-desktop/samples/g__Prevotella/c__Bacteroidia/o__Sphingobacteriales/RS_GCF_000190735.1_1.fasta'

(1,4):4
(2,3):1
(2,4):4
(3,2):1
(3,4):3
(4,2):2
(4,3):1
(5,4):2
testInd = 13 19 32 56 72 77 81 93 94 103 105 111 117 120 126 132 139 148 150 151 179 182 187 194 195 224 245 258 271 276 282 286 294 316 320 337 356 365 381 389 399 434 444 448 450 451 453 455 466 500 504 506 516 533 546 579 588 592 600 639 655 661 690 694 706 710 719 723 735 736 763 783 789 801 821 837 838 850 872 885 899 901 912 931 933 934 947 960 964 967 969 974 995 1000 1013 1020 1027 1033 1043 1046 1067 1070 1073 1075 1082 1101 1103 1123 1130 1170 1181 1186 1188 1203 1216 1229 1230 1231 1233 1238 1240 1246 1258 1261 1263 1264 1265 1275 1286 1298 1336 1338 1340 1342 1343 1364 1372 1373 1374 1377 1412 1425 1432 1438 1439 1441 1451 1453 1464 1471 1473 1516 1531 1534 1564 1580 1582 1592 1595 1601 1610 1611 1630 1632 1660 1686 1697 1698 1705 1714 1732 1733 1736 1742 1760 1779 1812 1814 1826 1837 1858 1861 1865 1868 1887 1901 1902 1911 1913 1915 1918 1947 1952 1955 1958 1961 1965 2003 2009 2018 2023 2024 2038 2047 2062 2075 2079 2086 2125 2126 2128 2131 2154 2158 2162 2169 2174 2176 2194 2197 2202 2220 2222 2225 2244 2258 2262 2265 2273 2286 2288 2309 2324 2331 2365 2368 2379 2387 2404 2406 2417 2431 2433 2443 2467 2478 2481 2482 2488 2498 2523 2531 2534 2544 2548 2570 2605 2618 2620 2622 2636 2639 2642 2651 2664 2668 2715 2731 2750 2760 2764 2770 2776 2781 2782 2791 2792 2821 2829 2830 2831 2832 2834 2862 2884 2895 2897 2898 2917 2936 2951 2963 2968 2977 2984 2989 2993 2997 3014 3022 3023 3024 3034 3039 3069 3076 3088 3118 3119 3149 3150 3154 3171 3205 3208 3214 3221 3228 3243 3247 3258 3270 3271 3279 3298 3301 3311 3330 3332 3333 3336 3338 3342 3361 3362 3393 3412 3416 3429 3443 3463 3483 3501 3502 3510 3516 3518 3522 3528 3546 3551 3560 3563 3585 3591 3600 3647 3654 3656 3666 3699 3707 3712 3726 3731 3734 3739 3744 3747 3748 3752 3768 3779 3783 3785 3787 3791 3802 3818 3831 3846 3850 3851 3866 3869 3888 3897 3917 3927 3933 3943 3948 3949 3963 3970 4014 4028 4032 4034 4058 4071 4081 4083 4089 4091 4095 4107 4109 4121 4124 4133 4156 4157 4158 4163 4167 4175 4185 4191 4218 4232 4237 4263 4272 4277 4286 4302 4305 4309 4313 4318 4323 4325 4354 4364 4371 4378 4413 4417 4442 4454 4473 4500 4501 4512 4531 4550 4561 4573 4592 4628 4629 4640 4648 4657 4664 4668 4674 4683 4686 4698 4733 4748 4751 4757 4791 4792 4800 4808 4817 4820 4822 4824 4844 4874 4878 4882 4885 4887 4891 4895 4923 4975 4992 5000 5007 5012 5021 5029 5047 5051 5068 5071 5087 5091 5098 5111 5134 5136 5143 5144 5147 5150 5151 5159 5167 5168 5173 5192 5212 5234 5245 5248 5253 5283 5285 5291 5294 5301 5312 5314 5324 5326 5335 5336 5347 5352 5356 5357 5369 5374 5375 5396 5403 5405 5411 5419 5445 5450 5466 5482 5485 5498 5502 5510 5513 5515 5539 5542 5572 5575 5578 5584 5595 5597 5602 5640 5645 5654 5662 5687 5688 5696 5714 5728 5730 5733 5736 5740 5745 5761 5773 5778 5786 5789 5792 5802 5808 5811 5813 5815 5823 5827 5834 5840 5850 5858 5872 5887 5905 5913 5914 5924 5937 5938 5947 5951 5962 5971 5977 5981 5999 6019 6038 6039 6044 6046 6055 6071 6077 6115 6124 6125 6127 6147
predicted is: 4, ref is 1 
fileId is:    '/home/w328li/MLDSP-desktop/samples/g__Prevotella/c__Bacteroidia/o__Bacteroidales/GB_GCA_001873635.1_0.fasta'

predicted is: 4, ref is 1 
fileId is:    '/home/w328li/MLDSP-desktop/samples/g__Prevotella/c__Bacteroidia/o__Bacteroidales/RS_GCF_002356295.1_1.fasta'

predicted is: 4, ref is 1 
fileId is:    '/home/w328li/MLDSP-desktop/samples/g__Prevotella/c__Bacteroidia/o__Bacteroidales/RS_GCF_002843315.1_0.fasta'

predicted is: 4, ref is 1 
fileId is:    '/home/w328li/MLDSP-desktop/samples/g__Prevotella/c__Bacteroidia/o__Bacteroidales/RS_GCF_003096835.1_1.fasta'

predicted is: 4, ref is 2 
fileId is:    '/home/w328li/MLDSP-desktop/samples/g__Prevotella/c__Bacteroidia/o__Chitinophagales/GB_GCA_002335865.1_0.fasta'

predicted is: 4, ref is 2 
fileId is:    '/home/w328li/MLDSP-desktop/samples/g__Prevotella/c__Bacteroidia/o__Chitinophagales/GB_GCA_002335865.1_1.fasta'

predicted is: 4, ref is 2 
fileId is:    '/home/w328li/MLDSP-desktop/samples/g__Prevotella/c__Bacteroidia/o__Chitinophagales/GB_GCA_002344975.1_0.fasta'

predicted is: 3, ref is 2 
fileId is:    '/home/w328li/MLDSP-desktop/samples/g__Prevotella/c__Bacteroidia/o__Chitinophagales/GB_GCA_002471345.1_1.fasta'

predicted is: 4, ref is 2 
fileId is:    '/home/w328li/MLDSP-desktop/samples/g__Prevotella/c__Bacteroidia/o__Chitinophagales/RS_GCF_000724545.1_1.fasta'

predicted is: 4, ref is 3 
fileId is:    '/home/w328li/MLDSP-desktop/samples/g__Prevotella/c__Bacteroidia/o__Cytophagales/GB_GCA_002479785.1_0.fasta'

predicted is: 2, ref is 3 
fileId is:    '/home/w328li/MLDSP-desktop/samples/g__Prevotella/c__Bacteroidia/o__Cytophagales/GB_GCA_002483125.1_1.fasta'

predicted is: 4, ref is 3 
fileId is:    '/home/w328li/MLDSP-desktop/samples/g__Prevotella/c__Bacteroidia/o__Cytophagales/GB_GCA_002715645.1_1.fasta'

predicted is: 4, ref is 3 
fileId is:    '/home/w328li/MLDSP-desktop/samples/g__Prevotella/c__Bacteroidia/o__Cytophagales/RS_GCF_001483135.1_1.fasta'

predicted is: 3, ref is 4 
fileId is:    '/home/w328li/MLDSP-desktop/samples/g__Prevotella/c__Bacteroidia/o__Flavobacteriales/RS_GCF_001553545.1_1.fasta'

predicted is: 2, ref is 4 
fileId is:    '/home/w328li/MLDSP-desktop/samples/g__Prevotella/c__Bacteroidia/o__Flavobacteriales/RS_GCF_002369955.1_1.fasta'

predicted is: 2, ref is 4 
fileId is:    '/home/w328li/MLDSP-desktop/samples/g__Prevotella/c__Bacteroidia/o__Flavobacteriales/RS_GCF_900215295.1_1.fasta'

predicted is: 4, ref is 5 
fileId is:    '/home/w328li/MLDSP-desktop/samples/g__Prevotella/c__Bacteroidia/o__Sphingobacteriales/RS_GCF_003029735.1_0.fasta'

predicted is: 4, ref is 5 
fileId is:    '/home/w328li/MLDSP-desktop/samples/g__Prevotella/c__Bacteroidia/o__Sphingobacteriales/RS_GCF_004519315.1_0.fasta'

(1,3):1
(2,3):3
(2,4):1
(3,1):1
(3,4):2
(3,5):2
(4,1):1
(4,2):2
(4,3):2
(5,3):1
testInd = 10 15 33 35 38 48 50 53 57 85 102 122 135 140 147 159 162 163 164 186 192 202 205 210 222 223 234 237 254 257 259 269 284 296 306 331 338 340 359 366 376 403 423 425 432 437 458 496 501 502 529 542 563 587 593 596 597 606 633 651 656 657 687 699 731 759 771 774 775 793 799 816 818 819 828 831 836 846 852 853 860 861 868 890 896 904 910 926 951 956 979 983 987 1015 1026 1039 1051 1055 1059 1069 1078 1081 1083 1087 1088 1097 1109 1126 1160 1162 1167 1173 1178 1180 1198 1209 1220 1222 1227 1234 1267 1272 1274 1279 1290 1299 1307 1310 1312 1314 1321 1322 1325 1326 1331 1346 1347 1358 1361 1367 1381 1393 1398 1416 1423 1424 1430 1447 1459 1469 1484 1488 1507 1510 1513 1529 1537 1548 1554 1557 1563 1577 1583 1612 1667 1677 1687 1691 1696 1716 1731 1735 1745 1757 1764 1766 1770 1802 1809 1820 1822 1827 1841 1842 1879 1881 1916 1945 1954 1974 1976 1981 1986 2001 2012 2017 2036 2037 2049 2063 2068 2109 2112 2116 2140 2145 2171 2209 2211 2212 2223 2227 2234 2241 2247 2275 2291 2292 2297 2314 2316 2321 2342 2344 2349 2350 2353 2384 2402 2408 2422 2454 2465 2479 2496 2502 2508 2512 2530 2535 2539 2542 2558 2565 2568 2575 2587 2588 2600 2602 2604 2633 2635 2644 2673 2682 2685 2690 2694 2695 2701 2718 2722 2724 2735 2741 2742 2744 2755 2761 2771 2777 2785 2797 2799 2802 2817 2836 2841 2847 2854 2855 2867 2870 2871 2873 2875 2903 2910 2931 2941 2942 2945 2962 2969 2970 2978 2990 2995 3002 3003 3031 3033 3051 3068 3074 3091 3092 3097 3100 3122 3125 3146 3151 3170 3174 3217 3229 3231 3242 3250 3257 3272 3274 3290 3296 3300 3304 3310 3327 3349 3350 3364 3372 3373 3377 3409 3427 3432 3436 3440 3442 3449 3470 3471 3476 3484 3489 3493 3500 3508 3514 3519 3532 3534 3539 3573 3579 3583 3587 3588 3611 3620 3623 3635 3636 3642 3663 3670 3676 3697 3706 3730 3732 3746 3753 3755 3756 3771 3792 3806 3812 3821 3822 3832 3848 3855 3857 3858 3873 3883 3884 3894 3899 3904 3929 3940 3944 3954 3958 3971 3978 3991 3992 3995 4011 4016 4025 4035 4037 4066 4079 4080 4096 4104 4112 4115 4141 4143 4148 4152 4172 4179 4180 4190 4194 4203 4212 4215 4222 4233 4238 4239 4242 4245 4247 4248 4249 4267 4268 4269 4279 4288 4289 4291 4294 4338 4342 4346 4367 4432 4458 4466 4475 4484 4497 4499 4511 4528 4534 4543 4571 4576 4614 4641 4665 4666 4671 4687 4719 4728 4738 4739 4740 4752 4764 4780 4795 4802 4815 4821 4834 4838 4839 4848 4850 4853 4855 4858 4869 4875 4890 4903 4928 4932 4937 4945 4951 4964 4969 4973 4978 4982 4986 5004 5011 5032 5037 5045 5050 5055 5074 5081 5101 5102 5148 5154 5155 5161 5165 5179 5185 5201 5211 5216 5243 5250 5251 5260 5265 5271 5278 5295 5297 5305 5315 5320 5327 5333 5342 5344 5359 5373 5387 5393 5408 5409 5442 5460 5470 5490 5495 5514 5516 5525 5533 5545 5557 5560 5570 5573 5579 5583 5587 5594 5600 5629 5631 5638 5651 5652 5686 5706 5708 5711 5732 5748 5756 5758 5774 5787 5796 5800 5801 5807 5822 5848 5852 5863 5879 5881 5883 5886 5889 5894 5896 5930 5936 5960 5969 5984 5985 5995 5998 6024 6032 6034 6081 6089 6096 6100 6110 6121 6149 6155
predicted is: 3, ref is 1 
fileId is:    '/home/w328li/MLDSP-desktop/samples/g__Prevotella/c__Bacteroidia/o__Bacteroidales/GB_GCA_001689615.1_0.fasta'

predicted is: 3, ref is 2 
fileId is:    '/home/w328li/MLDSP-desktop/samples/g__Prevotella/c__Bacteroidia/o__Chitinophagales/GB_GCA_001897525.1_1.fasta'

predicted is: 3, ref is 2 
fileId is:    '/home/w328li/MLDSP-desktop/samples/g__Prevotella/c__Bacteroidia/o__Chitinophagales/GB_GCA_003022985.1_0.fasta'

predicted is: 3, ref is 2 
fileId is:    '/home/w328li/MLDSP-desktop/samples/g__Prevotella/c__Bacteroidia/o__Chitinophagales/GB_GCA_004173235.1_0.fasta'

predicted is: 4, ref is 2 
fileId is:    '/home/w328li/MLDSP-desktop/samples/g__Prevotella/c__Bacteroidia/o__Chitinophagales/GB_GCA_007134625.1_0.fasta'

predicted is: 4, ref is 3 
fileId is:    '/home/w328li/MLDSP-desktop/samples/g__Prevotella/c__Bacteroidia/o__Cytophagales/GB_GCA_002697405.1_1.fasta'

predicted is: 5, ref is 3 
fileId is:    '/home/w328li/MLDSP-desktop/samples/g__Prevotella/c__Bacteroidia/o__Cytophagales/GB_GCA_003030575.1_1.fasta'

predicted is: 1, ref is 3 
fileId is:    '/home/w328li/MLDSP-desktop/samples/g__Prevotella/c__Bacteroidia/o__Cytophagales/GB_GCA_003242315.1_0.fasta'

predicted is: 5, ref is 3 
fileId is:    '/home/w328li/MLDSP-desktop/samples/g__Prevotella/c__Bacteroidia/o__Cytophagales/RS_GCF_003286915.1_0.fasta'

predicted is: 4, ref is 3 
fileId is:    '/home/w328li/MLDSP-desktop/samples/g__Prevotella/c__Bacteroidia/o__Cytophagales/RS_GCF_003970675.1_0.fasta'

predicted is: 3, ref is 4 
fileId is:    '/home/w328li/MLDSP-desktop/samples/g__Prevotella/c__Bacteroidia/o__Flavobacteriales/GB_GCA_002713215.1_1.fasta'

predicted is: 2, ref is 4 
fileId is:    '/home/w328li/MLDSP-desktop/samples/g__Prevotella/c__Bacteroidia/o__Flavobacteriales/GB_GCA_003045865.1_1.fasta'

predicted is: 2, ref is 4 
fileId is:    '/home/w328li/MLDSP-desktop/samples/g__Prevotella/c__Bacteroidia/o__Flavobacteriales/GB_GCA_005792865.1_0.fasta'

predicted is: 3, ref is 4 
fileId is:    '/home/w328li/MLDSP-desktop/samples/g__Prevotella/c__Bacteroidia/o__Flavobacteriales/RS_GCF_000236705.1_1.fasta'

predicted is: 1, ref is 4 
fileId is:    '/home/w328li/MLDSP-desktop/samples/g__Prevotella/c__Bacteroidia/o__Flavobacteriales/RS_GCF_001553545.1_0.fasta'

predicted is: 3, ref is 5 
fileId is:    '/home/w328li/MLDSP-desktop/samples/g__Prevotella/c__Bacteroidia/o__Sphingobacteriales/RS_GCF_001586775.1_1.fasta'

(1,4):1
(2,1):1
(2,3):1
(2,4):5
(3,4):4
(5,2):1
testInd = 2 20 40 41 45 63 71 79 82 91 110 143 154 161 171 175 188 191 201 206 227 232 243 249 252 253 265 273 278 289 290 302 318 322 345 351 353 380 382 397 412 415 420 421 445 452 463 482 493 494 499 509 527 530 543 549 555 559 573 585 598 614 632 637 654 666 674 722 724 728 737 741 750 770 781 798 804 805 854 875 877 893 909 919 932 936 945 957 977 1011 1024 1042 1044 1048 1049 1066 1085 1090 1092 1142 1145 1158 1172 1176 1199 1206 1211 1218 1219 1249 1252 1262 1266 1288 1295 1305 1323 1333 1335 1345 1356 1360 1383 1396 1401 1411 1429 1431 1474 1481 1486 1487 1506 1525 1526 1527 1541 1544 1558 1576 1609 1615 1636 1657 1675 1678 1684 1685 1699 1726 1734 1739 1746 1747 1753 1772 1781 1791 1796 1799 1804 1807 1808 1818 1830 1832 1833 1838 1844 1852 1856 1883 1890 1898 1900 1903 1904 1910 1920 1934 1935 1939 1950 1972 1973 1978 1984 1988 2011 2013 2028 2031 2050 2067 2071 2081 2089 2108 2110 2119 2121 2143 2148 2155 2159 2161 2167 2183 2214 2228 2238 2248 2252 2254 2264 2269 2281 2294 2303 2352 2358 2364 2376 2381 2383 2386 2394 2399 2409 2418 2429 2434 2435 2462 2477 2519 2525 2526 2533 2538 2550 2551 2555 2559 2561 2576 2578 2581 2593 2607 2616 2623 2627 2641 2676 2683 2692 2696 2699 2700 2705 2716 2727 2783 2796 2800 2838 2868 2869 2883 2911 2927 2937 2940 2948 2976 2986 3012 3036 3040 3044 3058 3064 3082 3114 3132 3137 3141 3143 3176 3180 3184 3188 3199 3200 3204 3220 3224 3233 3244 3245 3249 3253 3255 3260 3267 3277 3286 3291 3309 3313 3316 3320 3323 3329 3335 3344 3348 3355 3365 3368 3383 3391 3398 3414 3420 3433 3437 3456 3457 3459 3462 3467 3503 3506 3507 3526 3548 3557 3561 3564 3569 3628 3631 3659 3665 3672 3690 3710 3716 3719 3749 3761 3763 3766 3770 3801 3805 3808 3809 3814 3815 3826 3845 3861 3864 3868 3878 3882 3891 3902 3908 3909 3918 3919 3920 3926 3934 3935 3946 3950 3957 3959 3966 3977 3989 3993 4005 4006 4015 4022 4039 4051 4054 4056 4059 4070 4072 4077 4098 4102 4103 4117 4134 4138 4146 4154 4161 4164 4165 4168 4169 4170 4176 4183 4195 4209 4219 4252 4253 4254 4290 4300 4301 4311 4316 4331 4333 4368 4370 4385 4398 4401 4419 4424 4436 4449 4459 4481 4487 4498 4507 4508 4516 4542 4544 4545 4551 4562 4570 4579 4581 4586 4601 4606 4615 4620 4624 4649 4653 4655 4658 4669 4677 4696 4708 4724 4732 4737 4743 4747 4784 4798 4803 4813 4831 4841 4856 4868 4870 4877 4898 4906 4913 4916 4920 4938 4948 4965 4971 4989 4993 4999 5005 5009 5010 5035 5036 5060 5080 5082 5083 5086 5104 5112 5119 5142 5145 5146 5152 5178 5181 5200 5224 5225 5237 5247 5249 5262 5276 5296 5298 5304 5318 5329 5339 5361 5380 5381 5402 5404 5433 5435 5440 5449 5456 5457 5463 5471 5474 5491 5517 5518 5520 5543 5548 5552 5555 5556 5559 5569 5577 5592 5607 5613 5615 5619 5622 5625 5632 5648 5656 5664 5671 5679 5680 5705 5713 5715 5725 5753 5788 5790 5810 5819 5830 5837 5842 5860 5862 5865 5874 5884 5891 5900 5901 5904 5908 5911 5921 5944 5961 5967 5973 5990 5992 5996 6000 6004 6006 6017 6026 6037 6049 6050 6054 6056 6082 6092 6097 6098 6106 6118 6135 6136
predicted is: 4, ref is 1 
fileId is:    '/home/w328li/MLDSP-desktop/samples/g__Prevotella/c__Bacteroidia/o__Bacteroidales/RS_GCF_900128985.1_1.fasta'

predicted is: 4, ref is 2 
fileId is:    '/home/w328li/MLDSP-desktop/samples/g__Prevotella/c__Bacteroidia/o__Chitinophagales/GB_GCA_001897535.1_1.fasta'

predicted is: 4, ref is 2 
fileId is:    '/home/w328li/MLDSP-desktop/samples/g__Prevotella/c__Bacteroidia/o__Chitinophagales/GB_GCA_002336725.1_1.fasta'

predicted is: 4, ref is 2 
fileId is:    '/home/w328li/MLDSP-desktop/samples/g__Prevotella/c__Bacteroidia/o__Chitinophagales/GB_GCA_002862745.1_1.fasta'

predicted is: 4, ref is 2 
fileId is:    '/home/w328li/MLDSP-desktop/samples/g__Prevotella/c__Bacteroidia/o__Chitinophagales/GB_GCA_003022985.1_1.fasta'

predicted is: 1, ref is 2 
fileId is:    '/home/w328li/MLDSP-desktop/samples/g__Prevotella/c__Bacteroidia/o__Chitinophagales/GB_GCA_003648285.1_0.fasta'

predicted is: 4, ref is 2 
fileId is:    '/home/w328li/MLDSP-desktop/samples/g__Prevotella/c__Bacteroidia/o__Chitinophagales/GB_GCA_007134625.1_1.fasta'

predicted is: 3, ref is 2 
fileId is:    '/home/w328li/MLDSP-desktop/samples/g__Prevotella/c__Bacteroidia/o__Chitinophagales/RS_GCF_902167325.1_1.fasta'

predicted is: 4, ref is 3 
fileId is:    '/home/w328li/MLDSP-desktop/samples/g__Prevotella/c__Bacteroidia/o__Cytophagales/GB_GCA_003504855.1_1.fasta'

predicted is: 4, ref is 3 
fileId is:    '/home/w328li/MLDSP-desktop/samples/g__Prevotella/c__Bacteroidia/o__Cytophagales/GB_GCA_006969745.1_1.fasta'

predicted is: 4, ref is 3 
fileId is:    '/home/w328li/MLDSP-desktop/samples/g__Prevotella/c__Bacteroidia/o__Cytophagales/RS_GCF_000566685.1_1.fasta'

predicted is: 4, ref is 3 
fileId is:    '/home/w328li/MLDSP-desktop/samples/g__Prevotella/c__Bacteroidia/o__Cytophagales/RS_GCF_900167975.1_1.fasta'

predicted is: 2, ref is 5 
fileId is:    '/home/w328li/MLDSP-desktop/samples/g__Prevotella/c__Bacteroidia/o__Sphingobacteriales/RS_GCF_004346135.1_0.fasta'

(1,4):2
(2,3):1
(3,2):2
(3,4):4
(3,5):1
(4,2):1
(4,3):2
(5,2):1
(5,4):1
testInd = 4 5 7 11 14 17 43 47 55 70 75 86 87 98 101 125 131 133 149 160 177 181 190 200 211 217 220 231 261 264 266 267 272 279 281 287 291 299 324 325 335 348 360 375 401 409 426 431 433 438 439 440 446 456 469 483 489 498 508 513 514 517 520 534 547 565 582 615 628 635 652 662 663 671 678 684 692 696 714 745 747 749 752 756 758 766 772 777 778 795 803 810 826 830 841 845 869 880 884 888 891 905 906 908 913 915 923 924 944 962 982 988 991 997 1014 1021 1028 1037 1038 1041 1050 1076 1080 1084 1107 1128 1132 1136 1144 1149 1159 1164 1174 1175 1177 1189 1197 1225 1235 1250 1293 1308 1334 1369 1371 1379 1382 1384 1408 1415 1436 1437 1440 1443 1446 1450 1452 1458 1470 1482 1490 1496 1502 1505 1514 1523 1524 1532 1538 1539 1540 1542 1552 1559 1571 1579 1584 1587 1597 1624 1642 1643 1647 1654 1658 1662 1674 1682 1683 1720 1728 1756 1761 1762 1763 1785 1786 1787 1797 1815 1840 1863 1878 1880 1884 1893 1894 1912 1919 1943 1956 2032 2040 2042 2046 2048 2051 2052 2055 2058 2061 2073 2077 2118 2120 2132 2141 2163 2172 2195 2199 2204 2207 2216 2229 2233 2235 2239 2240 2271 2274 2287 2295 2296 2317 2329 2332 2333 2336 2337 2351 2367 2370 2372 2378 2389 2393 2397 2411 2416 2421 2424 2426 2430 2448 2450 2473 2480 2483 2490 2491 2505 2507 2511 2516 2541 2545 2556 2564 2567 2577 2583 2590 2591 2599 2619 2624 2632 2638 2646 2648 2663 2669 2678 2688 2689 2702 2719 2730 2734 2738 2745 2762 2763 2773 2780 2788 2794 2798 2848 2851 2860 2874 2881 2885 2892 2904 2909 2913 2915 2920 2923 2924 2932 2965 2982 3011 3013 3042 3054 3056 3061 3062 3067 3084 3093 3094 3110 3121 3136 3168 3178 3183 3187 3194 3197 3203 3207 3225 3226 3238 3248 3254 3266 3278 3287 3308 3315 3345 3360 3371 3374 3381 3389 3390 3394 3400 3418 3423 3434 3439 3441 3446 3468 3469 3487 3523 3537 3540 3544 3545 3556 3601 3606 3614 3622 3633 3637 3662 3679 3682 3692 3693 3698 3711 3714 3745 3773 3777 3799 3824 3828 3837 3840 3867 3885 3912 3931 3955 3961 3964 3965 3972 3981 3985 4002 4003 4004 4030 4031 4052 4057 4062 4073 4092 4108 4145 4182 4196 4201 4205 4210 4216 4223 4225 4246 4258 4259 4260 4261 4264 4266 4276 4292 4293 4295 4310 4317 4350 4351 4359 4361 4365 4379 4388 4412 4433 4434 4435 4451 4452 4457 4467 4468 4470 4474 4489 4553 4560 4563 4584 4588 4594 4599 4600 4602 4619 4622 4637 4643 4644 4663 4672 4694 4706 4709 4720 4726 4735 4736 4763 4772 4777 4781 4793 4796 4806 4807 4810 4826 4847 4861 4863 4876 4883 4896 4907 4915 4917 4931 4936 4946 4950 4959 4962 4977 5033 5038 5046 5062 5069 5072 5106 5114 5130 5156 5163 5166 5187 5202 5208 5213 5221 5223 5242 5252 5255 5275 5307 5319 5323 5332 5337 5385 5401 5422 5428 5438 5475 5484 5488 5496 5497 5499 5506 5529 5534 5538 5562 5566 5567 5580 5588 5596 5603 5612 5617 5628 5630 5639 5657 5673 5689 5697 5709 5719 5720 5723 5739 5746 5749 5750 5771 5780 5831 5854 5855 5870 5893 5912 5927 5929 5932 5943 5945 5949 5964 5970 5978 5980 6012 6014 6027 6033 6042 6051 6058 6061 6062 6073 6087 6102 6105 6150 6154
predicted is: 4, ref is 1 
fileId is:    '/home/w328li/MLDSP-desktop/samples/g__Prevotella/c__Bacteroidia/o__Bacteroidales/RS_GCF_000378745.1_0.fasta'

predicted is: 4, ref is 1 
fileId is:    '/home/w328li/MLDSP-desktop/samples/g__Prevotella/c__Bacteroidia/o__Bacteroidales/RS_GCF_003610555.1_1.fasta'

predicted is: 3, ref is 2 
fileId is:    '/home/w328li/MLDSP-desktop/samples/g__Prevotella/c__Bacteroidia/o__Chitinophagales/RS_GCF_900107765.1_1.fasta'

predicted is: 4, ref is 3 
fileId is:    '/home/w328li/MLDSP-desktop/samples/g__Prevotella/c__Bacteroidia/o__Cytophagales/GB_GCA_002697405.1_0.fasta'

predicted is: 2, ref is 3 
fileId is:    '/home/w328li/MLDSP-desktop/samples/g__Prevotella/c__Bacteroidia/o__Cytophagales/GB_GCA_003504855.1_0.fasta'

predicted is: 4, ref is 3 
fileId is:    '/home/w328li/MLDSP-desktop/samples/g__Prevotella/c__Bacteroidia/o__Cytophagales/GB_GCA_007097495.1_0.fasta'

predicted is: 4, ref is 3 
fileId is:    '/home/w328li/MLDSP-desktop/samples/g__Prevotella/c__Bacteroidia/o__Cytophagales/RS_GCF_000426725.1_0.fasta'

predicted is: 4, ref is 3 
fileId is:    '/home/w328li/MLDSP-desktop/samples/g__Prevotella/c__Bacteroidia/o__Cytophagales/RS_GCF_003149185.1_1.fasta'

predicted is: 5, ref is 3 
fileId is:    '/home/w328li/MLDSP-desktop/samples/g__Prevotella/c__Bacteroidia/o__Cytophagales/RS_GCF_003286915.1_1.fasta'

predicted is: 2, ref is 3 
fileId is:    '/home/w328li/MLDSP-desktop/samples/g__Prevotella/c__Bacteroidia/o__Cytophagales/RS_GCF_003351905.1_1.fasta'

predicted is: 3, ref is 4 
fileId is:    '/home/w328li/MLDSP-desktop/samples/g__Prevotella/c__Bacteroidia/o__Flavobacteriales/GB_GCA_002319955.1_1.fasta'

predicted is: 3, ref is 4 
fileId is:    '/home/w328li/MLDSP-desktop/samples/g__Prevotella/c__Bacteroidia/o__Flavobacteriales/GB_GCA_006227965.1_1.fasta'

predicted is: 2, ref is 4 
fileId is:    '/home/w328li/MLDSP-desktop/samples/g__Prevotella/c__Bacteroidia/o__Flavobacteriales/RS_GCF_003337435.1_0.fasta'

predicted is: 4, ref is 5 
fileId is:    '/home/w328li/MLDSP-desktop/samples/g__Prevotella/c__Bacteroidia/o__Sphingobacteriales/RS_GCF_002245855.1_1.fasta'

predicted is: 2, ref is 5 
fileId is:    '/home/w328li/MLDSP-desktop/samples/g__Prevotella/c__Bacteroidia/o__Sphingobacteriales/RS_GCF_004346135.1_1.fasta'

confusion matrix for LinearDiscriminant is:
        1948           0           3          13           0
           2         465          11          19           1
           2           8         637          23           4
           4           7          11        2576           1
           0           3           2           9         406

        ClassifierModel         Accuracy
    ________________________    ________

    {'LinearDiscriminant'  }        98  
    {'LinearSVM'           }      90.3  
    {'QuadraticSVM'        }      96.3  
    {'FineKNN'             }      93.9  
    {'SubspaceDiscriminant'}      93.7  
    {'SubspaceKNN'         }      93.2  
    {'AverageAccuracy'     }      94.2  

>> IdleTimeout has been reached.
Parallel pool using the 'local' profile is shutting down.>> 
>> exit()
[?1l>