MATLAB is selecting SOFTWARE OPENGL rendering.
[?1h=
                                < M A T L A B (R) >
                      Copyright 1984-2019 The MathWorks, Inc.
                 R2019b Update 5 (9.7.0.1319299) 64-bit (glnxa64)
                                 February 19, 2020

 
To get started, type doc.
For product information, visit www.mathworks.com.
 
[H[2J
dataSet =

    'g__Prevotella/o__Bacteroidales'


testSet =

  0x0 empty char array


methodNum =

     1


dataSetPath =

    '/home/w328li/MLDSP-desktop/samples/g__Prevotella/o__Bacteroidales'


testSetPath =

    '/home/w328li/MLDSP-desktop/samples/'

Reading sequences .... 
display cluster name
f__Bacteroidaceae
display cluster name
f__Dysgonomonadaceae
display cluster name
f__Marinifilaceae
display cluster name
f__Muribaculaceae
display cluster name
f__P3
display cluster name
f__Paludibacteraceae
display cluster name
f__Porphyromonadaceae
display cluster name
f__Rikenellaceae
display cluster name
f__Tannerellaceae
display cluster name
f__UBA7960
display cluster name
f__UBA932
Starting parallel pool (parpool) using the 'local' profile ...
Connected to the parallel pool (number of workers: 12).
Computing Distance matrix .... 
Performing classification .... 
(1,9):1
testInd = 53 55 58 60 61 94 95 96 104 114 118 119 127 136 139 156 172 185 187 192 201 214 223 247 248 251 255 256 261 273 283 292 298 305 318 333 334 339 349 350 357 368 373 399 400 402 406 409 419 423 424 437 452 455 472 475 499 504 505 520 522 527 533 545 563 571 592 596 615 617 651 656 670 689 693 694 733 734 738 753 755 768 770 781 783 795 800 805 816 835 854 856 858 862 870 877 880 888 892 913 924 927 930 933 936 972 977 995 1009 1013 1029 1032 1043 1050 1064 1093 1097 1117 1120 1133 1138 1150 1151 1164 1174 1175 1179 1183 1199 1202 1207 1210 1227 1231 1239 1243 1258 1263 1268 1283 1296 1311 1319 1352 1384 1398 1402 1405 1433 1444 1449 1451 1458 1491 1494 1497 1504 1518 1519 1527 1546 1585 1591 1594 1600 1608 1625 1661 1668 1682 1686 1688 1702 1718 1719 1720 1730 1741 1775 1776 1815 1816 1823 1843 1848 1860 1868 1886 1891 1903 1930 1933 1935 1942 1948 1958
predicted is: 9, ref is 1 
fileId is:    '/home/w328li/MLDSP-desktop/samples/g__Prevotella/o__Bacteroidales/f__Bacteroidaceae/RS_GCF_000312445.1_1.fasta'

(6,1):1
(6,2):1
(8,11):2
(9,1):1
testInd = 12 30 31 32 37 46 51 62 103 120 132 149 165 167 168 173 181 198 199 202 206 209 212 216 220 238 241 259 268 274 281 282 286 303 310 314 317 336 338 342 347 360 364 375 388 390 403 413 436 440 461 476 484 492 495 530 539 540 541 542 549 558 569 587 589 597 601 608 612 624 671 680 685 692 741 782 789 792 802 812 820 843 865 890 891 906 912 917 946 967 983 985 986 987 994 1003 1004 1011 1020 1022 1031 1036 1044 1048 1056 1069 1076 1083 1091 1096 1107 1127 1130 1144 1162 1177 1181 1208 1214 1225 1241 1246 1248 1251 1265 1267 1269 1278 1298 1302 1324 1333 1336 1360 1372 1386 1403 1404 1414 1415 1417 1420 1429 1445 1467 1468 1472 1474 1488 1499 1500 1516 1517 1521 1526 1537 1552 1557 1564 1576 1580 1610 1611 1623 1638 1647 1649 1652 1669 1675 1678 1694 1697 1705 1721 1764 1765 1781 1790 1794 1803 1811 1828 1830 1844 1857 1862 1866 1869 1873 1876 1898 1901 1940 1944 1947 1959
predicted is: 1, ref is 6 
fileId is:    '/home/w328li/MLDSP-desktop/samples/g__Prevotella/o__Bacteroidales/f__Paludibacteraceae/GB_GCA_004561455.1_1.fasta'

predicted is: 2, ref is 6 
fileId is:    '/home/w328li/MLDSP-desktop/samples/g__Prevotella/o__Bacteroidales/f__Paludibacteraceae/RS_GCF_001653155.1_1.fasta'

predicted is: 11, ref is 8 
fileId is:    '/home/w328li/MLDSP-desktop/samples/g__Prevotella/o__Bacteroidales/f__Rikenellaceae/GB_GCA_002315675.1_0.fasta'

predicted is: 11, ref is 8 
fileId is:    '/home/w328li/MLDSP-desktop/samples/g__Prevotella/o__Bacteroidales/f__Rikenellaceae/GB_GCA_002315675.1_1.fasta'

predicted is: 1, ref is 9 
fileId is:    '/home/w328li/MLDSP-desktop/samples/g__Prevotella/o__Bacteroidales/f__Tannerellaceae/GB_GCA_003447595.1_1.fasta'

(5,1):1
testInd = 2 3 11 16 24 33 36 47 48 57 70 75 84 92 113 117 126 140 145 157 158 170 171 189 190 218 232 254 271 276 293 294 330 351 359 366 377 393 407 427 434 438 448 453 462 471 477 489 493 496 511 515 516 529 566 576 585 588 620 622 627 629 646 659 667 682 686 687 691 705 717 718 722 723 727 729 730 742 743 750 758 759 772 793 797 822 837 838 844 845 846 855 859 886 902 904 920 940 949 959 964 973 981 1012 1059 1062 1067 1074 1081 1089 1094 1098 1106 1108 1109 1110 1112 1131 1142 1147 1156 1159 1160 1188 1191 1196 1201 1209 1212 1222 1229 1233 1245 1259 1270 1276 1277 1289 1293 1299 1301 1308 1314 1318 1330 1338 1342 1343 1347 1349 1357 1375 1377 1395 1396 1424 1425 1435 1443 1446 1476 1483 1492 1503 1529 1550 1568 1571 1582 1613 1621 1622 1654 1655 1679 1691 1699 1703 1727 1736 1745 1747 1789 1800 1817 1821 1822 1839 1861 1871 1894 1907 1910 1913 1949 1950 1954
predicted is: 1, ref is 5 
fileId is:    '/home/w328li/MLDSP-desktop/samples/g__Prevotella/o__Bacteroidales/f__P3/GB_GCA_002633275.1_0.fasta'

(5,1):1
testInd = 7 8 13 15 17 18 22 50 52 66 67 77 79 87 89 99 115 129 131 138 152 154 161 184 194 215 217 228 245 311 326 335 337 353 356 358 362 369 371 374 383 394 410 412 421 428 451 457 478 479 482 487 488 494 506 528 543 550 553 565 568 581 584 593 599 605 625 630 631 633 634 655 662 665 666 672 679 683 696 700 712 716 725 737 764 785 798 821 840 895 896 897 907 918 928 934 952 968 980 992 1005 1008 1015 1024 1028 1035 1068 1090 1092 1143 1148 1157 1161 1165 1170 1184 1186 1192 1211 1217 1254 1255 1288 1294 1315 1320 1334 1359 1371 1376 1407 1411 1412 1438 1448 1464 1482 1484 1485 1490 1498 1507 1508 1524 1530 1539 1541 1563 1575 1597 1598 1616 1620 1629 1635 1637 1657 1658 1660 1672 1673 1692 1696 1706 1708 1712 1725 1732 1733 1738 1742 1751 1754 1755 1762 1774 1782 1798 1799 1804 1814 1825 1829 1836 1838 1851 1853 1870 1875 1885 1914 1917 1937 1943 1955 1960 1961
predicted is: 1, ref is 5 
fileId is:    '/home/w328li/MLDSP-desktop/samples/g__Prevotella/o__Bacteroidales/f__P3/GB_GCA_001543385.1_1.fasta'

(4,1):1
(9,1):1
testInd = 21 26 41 42 43 64 74 90 91 109 111 125 135 142 151 160 186 196 211 219 264 272 277 280 299 302 304 313 315 367 376 396 420 429 439 445 454 456 460 483 486 501 507 512 514 519 521 523 525 526 561 586 590 600 610 614 623 632 637 641 649 660 676 681 747 751 757 763 766 787 814 827 833 836 857 878 882 899 914 929 937 941 942 950 961 975 1001 1006 1018 1023 1030 1033 1041 1046 1057 1058 1079 1084 1099 1123 1124 1134 1140 1152 1171 1173 1194 1204 1213 1219 1226 1235 1252 1260 1271 1281 1284 1297 1316 1321 1325 1328 1388 1391 1392 1399 1413 1418 1423 1430 1432 1436 1457 1463 1466 1469 1479 1515 1523 1525 1531 1532 1534 1548 1549 1551 1553 1554 1559 1561 1567 1570 1574 1586 1587 1590 1595 1602 1603 1612 1614 1617 1632 1636 1677 1680 1683 1685 1695 1701 1729 1737 1752 1768 1779 1795 1805 1806 1809 1834 1840 1842 1847 1854 1863 1864 1889 1900 1908 1909 1911 1922 1923 1926 1934 1945 1964
predicted is: 1, ref is 4 
fileId is:    '/home/w328li/MLDSP-desktop/samples/g__Prevotella/o__Bacteroidales/f__Muribaculaceae/GB_GCA_900541935.1_0.fasta'

predicted is: 1, ref is 9 
fileId is:    '/home/w328li/MLDSP-desktop/samples/g__Prevotella/o__Bacteroidales/f__Tannerellaceae/GB_GCA_004562445.1_1.fasta'

(7,1):1
(11,1):1
(11,2):1
testInd = 6 14 25 40 56 69 72 85 93 100 101 102 107 130 144 159 163 174 175 177 182 200 222 224 233 236 240 258 267 284 297 301 306 308 316 319 321 323 354 370 372 381 389 395 404 405 417 435 474 497 503 532 535 538 551 552 562 567 572 575 578 583 609 611 613 628 640 648 650 658 661 664 677 697 708 775 777 778 818 839 861 864 872 873 884 887 903 916 922 931 935 938 943 947 951 955 956 963 965 991 997 1010 1014 1017 1019 1045 1082 1088 1100 1113 1141 1149 1155 1169 1172 1176 1193 1232 1237 1242 1250 1266 1286 1287 1306 1309 1327 1344 1345 1356 1361 1368 1385 1389 1397 1401 1419 1422 1426 1434 1439 1460 1461 1462 1465 1475 1486 1538 1543 1545 1555 1578 1588 1592 1593 1599 1604 1605 1615 1626 1642 1648 1656 1674 1676 1684 1689 1690 1713 1722 1726 1728 1739 1740 1746 1750 1757 1785 1786 1787 1797 1808 1813 1819 1826 1827 1841 1852 1878 1880 1883 1902 1920 1927 1936 1963
predicted is: 1, ref is 7 
fileId is:    '/home/w328li/MLDSP-desktop/samples/g__Prevotella/o__Bacteroidales/f__Porphyromonadaceae/RS_GCF_000379945.1_1.fasta'

predicted is: 1, ref is 11 
fileId is:    '/home/w328li/MLDSP-desktop/samples/g__Prevotella/o__Bacteroidales/f__UBA932/GB_GCA_002293585.1_0.fasta'

predicted is: 2, ref is 11 
fileId is:    '/home/w328li/MLDSP-desktop/samples/g__Prevotella/o__Bacteroidales/f__UBA932/GB_GCA_002293585.1_1.fasta'

(7,1):1
testInd = 5 20 28 29 34 73 82 86 112 133 134 150 176 178 197 221 226 229 230 250 253 257 263 275 285 295 296 300 309 325 327 340 344 361 365 391 392 408 414 415 431 432 433 446 447 449 463 465 468 502 513 517 548 555 556 557 559 579 591 604 606 618 619 636 642 643 652 675 678 690 698 707 720 745 765 773 776 788 791 794 803 806 808 819 841 842 850 852 860 883 889 894 898 900 901 919 948 953 957 962 966 971 978 988 993 1007 1025 1038 1039 1042 1047 1055 1065 1066 1071 1095 1105 1115 1122 1132 1136 1153 1189 1195 1198 1205 1216 1228 1234 1240 1253 1262 1303 1310 1317 1326 1331 1341 1362 1373 1394 1406 1409 1421 1431 1455 1456 1473 1505 1511 1513 1540 1542 1544 1560 1565 1584 1618 1619 1624 1634 1639 1646 1659 1665 1671 1693 1707 1709 1717 1723 1734 1749 1763 1766 1783 1791 1807 1812 1818 1831 1837 1845 1850 1884 1890 1899 1905 1924 1925 1928 1931 1938 1951 1952 1953
predicted is: 1, ref is 7 
fileId is:    '/home/w328li/MLDSP-desktop/samples/g__Prevotella/o__Bacteroidales/f__Porphyromonadaceae/RS_GCF_000379945.1_0.fasta'

(6,1):1
(9,1):1
testInd = 4 27 44 45 65 68 78 81 123 128 146 148 179 183 204 205 246 262 266 269 332 343 345 348 352 380 382 385 397 418 422 425 426 430 441 443 464 470 480 485 518 544 546 547 554 564 577 580 621 635 639 647 653 668 673 702 706 709 713 715 731 732 736 739 740 756 767 771 780 786 799 811 817 828 829 832 848 849 853 866 867 869 871 881 885 909 915 921 923 926 944 954 958 974 976 996 999 1000 1026 1037 1040 1049 1054 1060 1070 1072 1077 1078 1102 1103 1104 1116 1118 1121 1125 1145 1146 1163 1167 1180 1187 1200 1220 1223 1236 1244 1247 1256 1264 1273 1275 1282 1305 1312 1322 1335 1339 1348 1353 1355 1358 1364 1365 1374 1378 1379 1381 1383 1440 1452 1454 1481 1493 1501 1510 1512 1535 1536 1547 1572 1573 1583 1596 1601 1609 1630 1633 1641 1650 1664 1666 1681 1698 1700 1715 1724 1731 1735 1758 1769 1771 1780 1801 1802 1835 1846 1855 1856 1858 1874 1877 1879 1892 1893 1921 1939
predicted is: 1, ref is 6 
fileId is:    '/home/w328li/MLDSP-desktop/samples/g__Prevotella/o__Bacteroidales/f__Paludibacteraceae/GB_GCA_004561455.1_0.fasta'

predicted is: 1, ref is 9 
fileId is:    '/home/w328li/MLDSP-desktop/samples/g__Prevotella/o__Bacteroidales/f__Tannerellaceae/RS_GCF_000156495.1_0.fasta'

(3,1):1
(4,1):1
testInd = 9 23 49 54 59 71 76 83 88 97 106 108 122 141 155 164 166 180 188 195 210 213 225 227 231 237 243 249 270 278 324 329 331 378 384 387 398 401 411 416 442 458 459 490 491 509 560 573 574 582 598 602 603 607 616 626 638 644 657 663 669 674 684 695 703 710 719 721 726 744 752 760 762 774 784 804 807 809 815 824 825 831 834 874 875 879 911 925 945 969 979 989 998 1002 1016 1027 1051 1053 1061 1063 1073 1075 1080 1086 1087 1111 1114 1119 1135 1137 1139 1166 1178 1185 1203 1218 1221 1238 1249 1257 1261 1272 1274 1280 1290 1292 1307 1313 1329 1332 1337 1350 1366 1367 1380 1387 1393 1408 1416 1447 1453 1459 1470 1471 1477 1480 1489 1496 1502 1506 1514 1522 1528 1558 1569 1577 1627 1643 1644 1645 1651 1653 1662 1663 1710 1711 1744 1748 1753 1759 1767 1777 1778 1788 1793 1796 1810 1849 1859 1865 1867 1881 1882 1887 1896 1904 1906 1912 1915 1916 1919 1929 1932 1946 1956 1957
predicted is: 1, ref is 3 
fileId is:    '/home/w328li/MLDSP-desktop/samples/g__Prevotella/o__Bacteroidales/f__Marinifilaceae/RS_GCF_003096835.1_0.fasta'

predicted is: 1, ref is 4 
fileId is:    '/home/w328li/MLDSP-desktop/samples/g__Prevotella/o__Bacteroidales/f__Muribaculaceae/GB_GCA_900541935.1_1.fasta'

testInd = 1 10 19 35 38 39 63 80 98 105 110 116 121 124 137 143 147 153 162 169 191 193 203 207 208 234 235 239 242 244 252 260 265 279 287 288 289 290 291 307 312 320 322 328 341 346 355 363 379 386 444 450 466 467 469 473 481 498 500 508 510 524 531 534 536 537 570 594 595 645 654 688 699 701 704 711 714 724 728 735 746 748 749 754 761 769 779 790 796 801 810 813 823 826 830 847 851 863 868 876 893 905 908 910 932 939 960 970 982 984 990 1021 1034 1052 1085 1101 1126 1128 1129 1154 1158 1168 1182 1190 1197 1206 1215 1224 1230 1279 1285 1291 1295 1300 1304 1323 1340 1346 1351 1354 1363 1369 1370 1382 1390 1400 1410 1427 1428 1437 1441 1442 1450 1478 1487 1495 1509 1520 1533 1556 1562 1566 1579 1581 1589 1606 1607 1628 1631 1640 1667 1670 1687 1704 1714 1716 1743 1756 1760 1761 1770 1772 1773 1784 1792 1820 1824 1832 1833 1872 1888 1895 1897 1918 1941 1962
confusion matrix for LinearDiscriminant is:
   759     0     0     0     0     0     0     0     1     0     0
     0    88     0     0     0     0     0     0     0     0     0
     1     0    55     0     0     0     0     0     0     0     0
     2     0     0   262     0     0     0     0     0     0     0
     2     0     0     0    84     0     0     0     0     0     0
     2     1     0     0     0   129     0     0     0     0     0
     2     0     0     0     0     0    64     0     0     0     0
     0     0     0     0     0     0     0    90     0     0     2
     3     0     0     0     0     0     0     0    67     0     0
     0     0     0     0     0     0     0     0     0    90     0
     1     1     0     0     0     0     0     0     0     0   258

        ClassifierModel         Accuracy
    ________________________    ________

    {'LinearDiscriminant'  }      99.1  
    {'LinearSVM'           }      89.8  
    {'QuadraticSVM'        }      96.5  
    {'FineKNN'             }      90.4  
    {'SubspaceDiscriminant'}      95.4  
    {'SubspaceKNN'         }        90  
    {'AverageAccuracy'     }      93.5  

[?1l>