MATLAB is selecting SOFTWARE OPENGL rendering.
[?1h=
                            < M A T L A B (R) >
                  Copyright 1984-2019 The MathWorks, Inc.
              R2019b Update 5 (9.7.0.1319299) 64-bit (glnxa64)
                             February 19, 2020

 
To get started, type doc.
For product information, visit www.mathworks.com.
 
[H[2J
dataSet =

    'g__Prevotella/p__Bacteroidota'


testSet =

  0x0 empty char array


methodNum =

     1


dataSetPath =

    '/home/w328li/MLDSP-desktop/samples/g__Prevotella/p__Bacteroidota'


testSetPath =

    '/home/w328li/MLDSP-desktop/samples/'

Reading sequences .... 
display cluster name
c__Bacteroidia
display cluster name
c__Chlorobia
display cluster name
c__Ignavibacteria
display cluster name
c__Rhodothermia
display cluster name
c__UBA10030
Starting parallel pool (parpool) using the 'local' profile ...
Connected to the parallel pool (number of workers: 12).
Computing Distance matrix .... 
Performing classification .... 
(4,1):1
testInd = 18 20 30 38 42 48 50 58 61 68 74 75 112 138 153 203 207 212 223 228 235 240 243 247 249 265 272 294 315 316 340 341 343 345 368 377 401 403 406 416 417 419 421 423 424 426 427 429 437 451 457 464 506 512 515 516 551 569 572 602 613 614 618 619 623 646 654 656 657 663 668 674 678 697 716 726 727 731 742 749 752 756 761 768 780 788 792 794 816 821 832 836 839 848 868 870 872 874 876 879 886 895 920 939 956 957 967 971 975 979 986 1004 1006 1022 1034 1043 1067 1077 1087 1107 1111 1114 1131 1132 1153 1161 1172 1176 1192 1197 1201 1202 1220 1221 1223 1225 1234 1257 1290 1293 1298 1305 1306 1329 1338 1341 1349 1355 1368 1369 1378 1380 1396 1397 1402 1407 1425 1426 1431 1436 1448 1453 1456 1488 1494 1497 1506 1513 1520 1531 1536 1537 1547 1552 1559 1581 1612 1623 1624 1639 1661 1664 1668 1674 1675 1683 1726 1729 1737 1744 1745 1750 1760 1762 1773 1784 1787 1804 1805 1807 1810 1829 1831 1835 1837 1839 1842 1843 1856 1863 1876 1898 1899 1903 1914 1943 1945 1980 1982 1991 2002 2005 2008 2013 2024 2037 2039 2066 2067 2068 2076 2077 2085 2105 2127 2142 2161 2168 2174 2188 2192 2207 2212 2213 2221 2223 2257 2258 2264 2277 2306 2326 2328 2338 2339 2346 2368 2379 2402 2418 2422 2433 2448 2449 2473 2484 2495 2498 2502 2521 2522 2531 2556 2561 2585 2594 2599 2601 2609 2614 2619 2625 2638 2639 2645 2647 2659 2660 2674 2680 2684 2686 2689 2699 2701 2708 2714 2751 2765 2786 2792 2800 2803 2804 2836 2838 2844 2845 2847 2849 2851 2863 2866 2879 2883 2885 2897 2898 2900 2903 2907 2918 2927 2932 2945 2950 2955 3002 3004 3010 3033 3039 3043 3049 3050 3053 3063 3067 3071 3082 3085 3092 3095 3111 3113 3164 3165 3175 3196 3214 3216 3230 3231 3249 3258 3270 3289 3291 3294 3295 3314 3336 3343 3352 3353 3371 3375 3388 3392 3433 3436 3446 3459 3471 3484 3502 3507 3516 3528 3534 3536 3556 3562 3578 3586 3588 3599 3617 3632 3644 3645 3647 3663 3683 3691 3701 3703 3721 3725 3728 3729 3739 3743 3746 3758 3774 3801 3817 3826 3827 3845 3847 3855 3856 3862 3864 3867 3878 3888 3905 3906 3909 3910 3914 3926 3929 3939 3942 3948 3967 3968 3985 3991 3992 4006 4014 4023 4031 4042 4043 4049 4065 4072 4076 4080 4086 4100 4110 4113 4139 4158 4167 4173 4182 4184 4219 4233 4235 4236 4253 4266 4268 4303 4312 4322 4326 4327 4330 4349 4358 4385 4388 4404 4416 4431 4444 4514 4525 4533 4567 4587 4603 4604 4630 4637 4648 4650 4652 4665 4666 4674 4685 4732 4744 4758 4762 4790 4805 4808 4815 4816 4826 4829 4839 4853 4862 4869 4871 4872 4891 4899 4904 4933 4938 4946 4951 4960 4987 5018 5026 5027 5040 5043 5055 5064 5082 5085 5090 5103 5110 5111 5123 5130 5133 5153 5165 5183 5185 5190 5196 5199 5218 5221 5239 5241 5248 5279 5283 5286 5302 5315 5323 5332 5341 5342 5348 5360 5387 5388 5404 5408 5439 5443 5447 5457 5469 5489 5490 5501 5511 5534 5539 5580 5583 5585 5595 5598 5648 5660 5722 5726 5732 5736 5743 5750 5758 5777 5778 5798 5825 5827 5835 5840 5875 5888 5907 5932 5938 5948 5953 5965 5967 6010 6073 6079 6080 6093 6097 6110 6116 6131 6160 6187 6200 6202 6215 6233 6242 6257 6258 6260 6265 6290 6291 6293 6297 6302 6315 6321 6325 6336 6345 6353 6358 6361 6367 6386 6387 6406 6463 6464 6475 6482 6488 6494 6500 6502 6514 6516 6520 6524 6526 6542 6551 6555 6563 6568 6579 6582
predicted is: 1, ref is 4 
fileId is:    '/home/w328li/MLDSP-desktop/samples/g__Prevotella/p__Bacteroidota/c__Rhodothermia/RS_GCF_005869845.1_0.fasta'

(5,1):1
(5,3):1
testInd = 40 59 81 85 119 120 122 128 132 135 144 183 188 190 191 196 198 210 215 216 229 236 237 251 252 261 300 320 338 349 359 374 385 404 412 418 433 435 438 439 444 452 461 486 494 496 503 520 526 552 592 593 594 599 603 604 609 615 624 637 639 643 648 665 673 675 677 689 690 691 698 701 707 713 721 733 748 760 773 787 800 805 811 815 819 822 841 843 844 849 865 871 882 903 910 923 924 932 948 950 960 966 997 1008 1020 1026 1033 1036 1039 1040 1049 1062 1070 1076 1092 1109 1140 1143 1145 1152 1159 1169 1203 1204 1206 1213 1226 1240 1250 1268 1273 1277 1280 1295 1299 1336 1351 1354 1363 1387 1400 1411 1440 1447 1451 1458 1465 1478 1485 1490 1505 1521 1525 1545 1560 1564 1579 1588 1592 1619 1621 1625 1626 1638 1650 1655 1658 1689 1710 1721 1727 1739 1757 1763 1770 1772 1785 1786 1788 1792 1811 1824 1825 1833 1858 1862 1864 1867 1894 1901 1905 1913 1924 1936 1947 1949 1962 1972 1976 1983 1985 2001 2017 2021 2029 2043 2057 2060 2062 2084 2104 2114 2132 2144 2155 2163 2167 2180 2201 2217 2238 2244 2245 2247 2249 2266 2275 2288 2289 2300 2320 2337 2341 2355 2364 2374 2408 2420 2423 2426 2460 2461 2472 2482 2489 2497 2532 2538 2570 2580 2600 2610 2623 2627 2634 2635 2644 2653 2655 2656 2670 2685 2696 2702 2725 2731 2759 2768 2778 2789 2816 2828 2862 2864 2872 2873 2887 2902 2936 2943 2948 2952 2975 2989 3003 3007 3016 3024 3026 3062 3069 3088 3105 3128 3137 3156 3160 3174 3188 3200 3209 3210 3226 3272 3276 3285 3286 3287 3304 3313 3319 3328 3329 3337 3341 3357 3360 3380 3382 3383 3397 3410 3417 3424 3429 3434 3441 3457 3461 3466 3486 3489 3499 3511 3520 3521 3522 3530 3549 3555 3572 3573 3579 3591 3596 3602 3603 3608 3609 3611 3615 3621 3630 3638 3641 3654 3658 3661 3687 3693 3716 3737 3752 3772 3781 3786 3795 3797 3802 3835 3837 3844 3875 3921 3927 3930 3932 3934 3937 3940 3960 3974 3978 4005 4007 4019 4039 4045 4062 4069 4082 4091 4094 4096 4108 4111 4115 4130 4137 4147 4150 4157 4164 4172 4176 4179 4180 4192 4193 4225 4230 4252 4257 4259 4264 4267 4269 4283 4287 4299 4328 4333 4339 4354 4361 4376 4377 4432 4442 4462 4470 4471 4477 4493 4507 4515 4518 4527 4532 4538 4544 4545 4570 4579 4580 4607 4614 4628 4638 4668 4669 4683 4688 4691 4705 4706 4708 4711 4712 4714 4715 4719 4725 4737 4754 4756 4797 4799 4811 4814 4857 4863 4870 4879 4881 4894 4896 4907 4910 4920 4922 4924 4940 4953 4959 4961 4964 4967 4980 4982 5003 5013 5015 5016 5019 5022 5023 5030 5036 5038 5041 5044 5047 5059 5060 5074 5081 5087 5096 5100 5113 5114 5132 5135 5146 5162 5169 5176 5178 5182 5188 5193 5198 5208 5213 5219 5236 5244 5253 5261 5264 5265 5328 5344 5345 5346 5356 5358 5368 5380 5381 5394 5405 5426 5444 5452 5462 5464 5466 5474 5485 5486 5499 5532 5536 5550 5565 5566 5567 5574 5596 5612 5633 5635 5639 5641 5649 5650 5654 5658 5709 5724 5737 5739 5759 5772 5775 5780 5785 5791 5806 5811 5817 5837 5859 5871 5872 5878 5908 5911 5925 5926 5929 5930 5943 5966 5970 5979 6007 6013 6015 6027 6043 6044 6069 6076 6082 6089 6128 6135 6151 6157 6164 6171 6178 6189 6214 6225 6227 6241 6247 6255 6261 6263 6270 6277 6285 6295 6300 6301 6324 6346 6347 6350 6376 6378 6381 6388 6396 6397 6412 6434 6444 6455 6459 6465 6483 6492 6495 6497 6508 6523 6528 6531 6538 6557 6564 6580 6586 6588
predicted is: 1, ref is 5 
fileId is:    '/home/w328li/MLDSP-desktop/samples/g__Prevotella/p__Bacteroidota/c__UBA10030/GB_GCA_003327435.1_0.fasta'

predicted is: 3, ref is 5 
fileId is:    '/home/w328li/MLDSP-desktop/samples/g__Prevotella/p__Bacteroidota/c__UBA10030/GB_GCA_005792285.1_0.fasta'

testInd = 8 9 29 55 69 72 91 105 117 121 129 130 142 143 157 175 186 192 222 263 264 275 284 292 299 306 309 326 333 337 342 363 379 386 389 394 399 411 420 425 455 463 476 482 499 510 521 535 543 550 555 562 566 577 578 580 608 610 612 649 659 662 666 671 692 738 740 744 751 754 764 796 835 838 850 858 864 867 873 884 916 917 925 931 934 943 955 983 987 994 1044 1069 1079 1080 1081 1096 1124 1126 1141 1177 1195 1200 1215 1216 1229 1238 1243 1248 1261 1281 1319 1325 1330 1335 1337 1339 1364 1383 1412 1415 1424 1438 1449 1475 1476 1492 1503 1507 1508 1510 1524 1538 1551 1563 1586 1595 1596 1605 1608 1613 1652 1653 1657 1686 1696 1697 1698 1702 1712 1716 1722 1743 1756 1761 1791 1795 1819 1853 1869 1880 1893 1908 1918 1919 1931 1932 1942 1950 1973 1974 1977 1997 2007 2041 2042 2072 2073 2082 2090 2096 2097 2108 2112 2119 2120 2124 2138 2148 2154 2173 2182 2227 2234 2254 2259 2260 2292 2303 2305 2307 2316 2321 2324 2333 2344 2349 2350 2361 2382 2385 2410 2412 2416 2417 2434 2437 2450 2453 2456 2470 2475 2477 2478 2479 2512 2518 2520 2540 2541 2542 2552 2568 2571 2572 2576 2590 2593 2604 2606 2632 2640 2643 2652 2654 2657 2661 2671 2677 2695 2704 2709 2724 2740 2741 2745 2748 2761 2762 2775 2785 2797 2802 2805 2812 2819 2821 2822 2841 2846 2852 2858 2867 2878 2904 2906 2912 2924 2939 2947 2971 2976 2982 2986 2988 3000 3012 3027 3029 3031 3037 3041 3060 3068 3078 3093 3106 3131 3140 3142 3146 3159 3166 3168 3169 3183 3187 3189 3195 3197 3207 3228 3232 3236 3237 3239 3240 3262 3279 3284 3292 3293 3310 3311 3320 3321 3326 3332 3358 3374 3378 3384 3386 3428 3439 3477 3527 3538 3548 3553 3557 3565 3568 3570 3571 3589 3590 3600 3618 3620 3631 3639 3648 3653 3660 3664 3684 3689 3690 3692 3695 3698 3706 3707 3718 3719 3723 3732 3738 3751 3760 3764 3798 3815 3820 3822 3830 3840 3853 3859 3861 3868 3871 3874 3895 3915 3947 3954 3955 3959 3962 3964 3977 3979 3999 4000 4001 4002 4015 4022 4024 4029 4030 4048 4054 4063 4087 4090 4106 4107 4121 4126 4128 4134 4136 4163 4166 4169 4170 4202 4203 4211 4234 4251 4258 4271 4272 4276 4282 4285 4286 4305 4310 4313 4315 4319 4336 4341 4355 4365 4366 4372 4375 4378 4398 4403 4420 4421 4423 4430 4446 4448 4450 4457 4476 4480 4485 4488 4489 4490 4498 4501 4503 4509 4530 4551 4562 4583 4586 4594 4634 4635 4643 4654 4658 4663 4694 4696 4698 4709 4717 4721 4722 4723 4730 4734 4735 4739 4765 4780 4782 4787 4796 4798 4822 4877 4883 4885 4886 4905 4912 4918 4923 4930 4937 4941 4954 4962 4966 4971 4979 4984 5009 5010 5025 5037 5048 5049 5050 5052 5071 5099 5101 5106 5117 5121 5159 5164 5171 5181 5189 5195 5216 5228 5243 5258 5260 5301 5316 5320 5334 5337 5340 5352 5365 5370 5377 5379 5385 5390 5391 5393 5400 5429 5446 5479 5487 5491 5495 5503 5520 5538 5549 5551 5557 5561 5570 5581 5590 5601 5608 5609 5615 5618 5643 5647 5652 5670 5672 5682 5686 5741 5742 5746 5752 5753 5760 5782 5801 5804 5809 5823 5832 5839 5861 5890 5895 5899 5923 5924 5928 5937 5949 5955 5984 5995 6005 6011 6016 6037 6047 6054 6059 6060 6078 6095 6103 6105 6111 6113 6119 6124 6132 6141 6153 6182 6191 6198 6203 6239 6267 6268 6274 6292 6299 6323 6349 6366 6383 6385 6399 6404 6407 6408 6419 6424 6427 6435 6449 6454 6456 6457 6504 6510 6512 6543 6549 6552 6558 6572 6573
(2,1):1
testInd = 1 13 27 32 33 35 41 56 65 67 71 73 76 83 88 97 99 100 126 133 137 159 161 182 184 187 194 201 226 234 256 258 259 266 271 279 280 287 311 323 325 335 352 355 365 371 376 384 395 407 410 431 440 441 443 469 470 477 497 505 514 518 547 559 565 567 582 586 595 596 606 634 651 670 684 695 706 722 729 730 736 753 769 770 779 781 784 798 807 818 829 866 883 888 893 894 904 919 927 928 947 953 962 985 1009 1017 1047 1054 1057 1058 1082 1095 1099 1102 1106 1112 1118 1137 1144 1149 1155 1174 1179 1181 1182 1185 1187 1196 1198 1205 1211 1219 1224 1232 1239 1242 1244 1253 1259 1282 1292 1304 1315 1321 1342 1348 1350 1352 1374 1379 1398 1405 1409 1413 1414 1420 1423 1428 1480 1487 1491 1499 1502 1523 1530 1565 1566 1569 1571 1575 1582 1594 1597 1602 1604 1616 1635 1654 1669 1676 1677 1680 1682 1706 1707 1713 1714 1730 1734 1736 1746 1751 1755 1764 1767 1776 1778 1796 1809 1816 1822 1826 1827 1841 1849 1866 1884 1890 1902 1917 1920 1939 1954 1960 1961 1969 1979 1988 1999 2004 2018 2023 2027 2031 2040 2052 2065 2089 2106 2107 2117 2128 2130 2131 2133 2135 2137 2139 2164 2172 2194 2202 2204 2205 2208 2229 2239 2248 2251 2252 2253 2256 2267 2282 2287 2296 2301 2309 2313 2322 2331 2343 2345 2347 2356 2366 2370 2377 2381 2383 2394 2396 2409 2445 2454 2469 2481 2486 2493 2499 2507 2511 2513 2517 2533 2536 2559 2583 2595 2621 2628 2636 2641 2642 2648 2678 2688 2711 2716 2742 2750 2760 2781 2808 2817 2820 2840 2848 2857 2920 2921 2954 2962 2963 2964 2965 2992 2994 3011 3015 3020 3030 3044 3046 3048 3065 3083 3096 3097 3107 3114 3118 3127 3135 3153 3167 3172 3208 3217 3219 3220 3238 3251 3253 3255 3259 3260 3261 3267 3298 3302 3318 3323 3333 3340 3345 3348 3350 3362 3366 3373 3376 3395 3399 3407 3412 3420 3423 3435 3445 3454 3464 3465 3493 3513 3543 3552 3575 3583 3584 3613 3640 3642 3670 3674 3686 3733 3741 3756 3759 3762 3775 3783 3789 3791 3800 3806 3832 3841 3849 3865 3870 3872 3879 3885 3886 3890 3896 3912 3943 3945 3946 3950 3963 3972 3982 3984 4050 4066 4073 4083 4101 4105 4124 4145 4151 4200 4207 4216 4217 4284 4295 4335 4347 4394 4408 4410 4412 4413 4414 4422 4424 4425 4434 4439 4468 4472 4487 4505 4512 4521 4522 4526 4534 4537 4547 4555 4578 4591 4592 4605 4616 4642 4644 4645 4646 4671 4677 4680 4684 4686 4699 4702 4720 4736 4770 4777 4779 4781 4789 4800 4802 4812 4823 4830 4851 4859 4860 4884 4892 4902 4909 4914 4917 4925 4935 4936 4945 4955 4976 4985 4991 4992 4993 5014 5035 5053 5086 5091 5094 5107 5109 5134 5150 5163 5167 5203 5206 5227 5256 5288 5292 5294 5300 5363 5375 5378 5407 5417 5418 5422 5423 5430 5433 5436 5442 5453 5461 5468 5476 5477 5492 5494 5502 5504 5506 5508 5509 5545 5546 5573 5579 5582 5600 5604 5605 5607 5614 5619 5625 5638 5653 5661 5675 5689 5693 5694 5699 5706 5714 5730 5733 5748 5751 5768 5771 5788 5789 5790 5803 5812 5815 5816 5821 5828 5853 5860 5866 5873 5876 5881 5900 5902 5904 5933 5939 5946 5963 5973 5977 6034 6036 6045 6046 6051 6077 6088 6104 6106 6114 6115 6138 6145 6154 6168 6175 6177 6180 6181 6188 6193 6196 6204 6216 6219 6226 6235 6237 6238 6254 6266 6272 6280 6283 6288 6332 6333 6335 6401 6410 6416 6421 6436 6438 6440 6442 6446 6451 6480 6505 6506 6511 6517 6529 6540 6546 6576 6583 6585 6587
predicted is: 1, ref is 2 
fileId is:    '/home/w328li/MLDSP-desktop/samples/g__Prevotella/p__Bacteroidota/c__Chlorobia/GB_GCA_005843835.1_1.fasta'

(1,4):1
(5,1):1
testInd = 3 6 23 24 26 44 52 87 98 108 111 127 141 148 152 156 168 172 174 227 233 241 253 274 328 329 331 332 339 347 356 380 388 392 393 398 405 447 449 450 462 484 500 502 513 517 519 524 525 527 532 537 545 558 560 574 583 598 600 611 621 655 658 667 669 679 686 688 696 708 710 717 718 719 732 735 739 746 755 771 793 808 809 823 845 846 854 889 892 900 902 918 935 937 942 944 982 996 1005 1007 1015 1019 1021 1025 1038 1041 1061 1066 1078 1083 1108 1121 1133 1146 1157 1168 1178 1183 1188 1191 1208 1209 1218 1237 1241 1254 1274 1286 1291 1372 1381 1390 1393 1399 1416 1450 1454 1461 1462 1463 1466 1468 1470 1493 1501 1509 1512 1516 1548 1558 1568 1578 1583 1598 1641 1642 1670 1678 1693 1704 1708 1711 1724 1725 1728 1731 1732 1735 1738 1748 1749 1752 1821 1836 1845 1848 1872 1878 1883 1892 1896 1927 1951 1955 1957 1975 1989 1993 2000 2028 2056 2059 2064 2074 2078 2087 2094 2100 2101 2122 2134 2150 2162 2169 2171 2179 2190 2219 2231 2236 2255 2270 2276 2280 2291 2293 2298 2308 2312 2325 2336 2348 2358 2360 2395 2403 2424 2427 2430 2435 2455 2471 2506 2515 2530 2535 2539 2548 2550 2554 2565 2575 2578 2581 2587 2622 2624 2650 2679 2682 2691 2705 2715 2719 2728 2735 2737 2754 2769 2773 2787 2788 2794 2799 2801 2825 2843 2850 2876 2891 2901 2905 2908 2915 2916 2923 2933 2935 2942 2949 2966 2969 3006 3008 3009 3013 3014 3017 3054 3084 3094 3120 3122 3125 3132 3134 3136 3141 3161 3181 3182 3191 3218 3241 3243 3246 3268 3273 3278 3305 3317 3322 3324 3331 3344 3347 3356 3370 3379 3385 3402 3406 3411 3418 3432 3438 3451 3455 3460 3476 3481 3487 3490 3494 3501 3509 3515 3523 3524 3533 3537 3595 3612 3622 3634 3665 3667 3724 3745 3767 3768 3771 3777 3779 3790 3803 3814 3818 3821 3824 3828 3831 3833 3848 3850 3854 3881 3884 3898 3907 3917 3924 3925 3961 3981 3983 3987 3990 4004 4025 4027 4033 4056 4057 4058 4061 4079 4098 4114 4116 4127 4153 4204 4209 4240 4263 4273 4296 4298 4304 4306 4307 4332 4350 4364 4368 4374 4384 4391 4406 4407 4417 4419 4426 4427 4435 4437 4445 4455 4473 4494 4508 4531 4556 4560 4576 4588 4589 4590 4611 4612 4620 4623 4636 4640 4653 4657 4673 4703 4707 4716 4718 4729 4740 4741 4742 4755 4757 4760 4767 4778 4785 4791 4803 4806 4810 4813 4824 4833 4835 4836 4838 4840 4844 4847 4850 4856 4864 4874 4893 4895 4901 4939 4949 4958 4963 4975 4981 4994 4999 5002 5007 5012 5028 5032 5039 5051 5056 5062 5065 5070 5095 5112 5116 5119 5127 5136 5137 5148 5154 5158 5180 5186 5205 5220 5226 5235 5249 5250 5257 5267 5268 5269 5275 5276 5278 5281 5282 5289 5293 5306 5308 5311 5312 5317 5327 5335 5349 5351 5355 5357 5364 5376 5399 5409 5414 5419 5421 5431 5458 5459 5465 5472 5496 5510 5512 5523 5525 5558 5559 5569 5571 5572 5586 5591 5594 5636 5644 5646 5662 5666 5668 5669 5674 5681 5685 5691 5704 5755 5773 5786 5805 5807 5808 5814 5822 5830 5844 5845 5846 5854 5856 5903 5906 5910 5917 5921 5942 5956 5960 5985 5988 5993 6017 6018 6021 6029 6052 6053 6057 6063 6068 6086 6087 6107 6112 6136 6140 6143 6159 6169 6173 6183 6186 6197 6205 6212 6220 6230 6248 6250 6251 6269 6276 6304 6309 6310 6320 6341 6342 6344 6352 6355 6362 6369 6380 6420 6422 6426 6430 6460 6466 6470 6471 6476 6499 6501 6532 6533 6547 6554 6560 6561 6567 6570 6571 6575 6584 6593 6597
predicted is: 4, ref is 1 
fileId is:    '/home/w328li/MLDSP-desktop/samples/g__Prevotella/p__Bacteroidota/c__Bacteroidia/RS_GCF_003958645.1_0.fasta'

predicted is: 1, ref is 5 
fileId is:    '/home/w328li/MLDSP-desktop/samples/g__Prevotella/p__Bacteroidota/c__UBA10030/GB_GCA_003142475.1_1.fasta'

(4,1):2
testInd = 12 25 28 31 36 66 80 92 102 106 151 160 166 169 173 202 217 218 262 268 270 286 302 321 336 357 358 361 362 370 372 382 400 402 428 446 475 485 491 508 509 511 528 530 531 563 564 579 581 587 590 617 620 626 627 629 632 633 645 647 652 653 672 682 693 694 714 725 758 762 765 766 774 783 786 797 802 814 824 827 842 852 855 860 881 899 908 909 912 926 940 959 978 981 990 992 995 1002 1010 1013 1016 1027 1029 1031 1050 1065 1072 1074 1084 1085 1093 1100 1113 1135 1136 1138 1142 1189 1194 1199 1227 1233 1252 1256 1271 1272 1283 1284 1285 1296 1301 1303 1309 1313 1316 1331 1333 1345 1347 1365 1366 1373 1376 1377 1385 1388 1392 1434 1443 1452 1489 1496 1517 1522 1529 1557 1570 1580 1601 1603 1607 1615 1627 1633 1646 1659 1663 1673 1681 1694 1699 1701 1715 1741 1759 1766 1775 1779 1783 1797 1806 1812 1818 1820 1828 1830 1840 1847 1859 1873 1874 1875 1879 1900 1907 1909 1915 1926 1929 1937 1965 1971 1995 2006 2020 2049 2058 2061 2063 2069 2080 2099 2103 2116 2126 2136 2140 2145 2146 2147 2157 2176 2186 2191 2214 2218 2222 2225 2233 2235 2242 2246 2250 2268 2284 2290 2304 2335 2340 2351 2352 2372 2375 2388 2390 2398 2413 2428 2438 2441 2446 2447 2464 2476 2483 2490 2491 2500 2510 2525 2545 2553 2592 2618 2620 2629 2630 2669 2672 2694 2707 2723 2734 2757 2771 2774 2782 2784 2806 2831 2834 2853 2856 2869 2871 2890 2892 2928 2929 2944 2953 2961 2972 2985 3005 3021 3022 3028 3047 3056 3057 3061 3086 3099 3100 3102 3108 3112 3124 3145 3150 3151 3154 3157 3163 3179 3180 3193 3201 3203 3205 3215 3225 3227 3229 3248 3257 3264 3265 3282 3296 3300 3301 3316 3327 3346 3351 3363 3365 3377 3381 3393 3403 3413 3414 3442 3462 3488 3506 3508 3510 3525 3545 3550 3559 3585 3619 3626 3633 3636 3643 3651 3656 3669 3677 3694 3700 3708 3709 3717 3722 3726 3727 3735 3742 3744 3778 3784 3807 3810 3825 3843 3846 3858 3860 3869 3880 3894 3897 3900 3901 3902 3903 3908 3918 3933 3936 3944 3953 3975 3986 3989 3997 4018 4036 4041 4052 4064 4104 4119 4125 4133 4146 4152 4156 4178 4185 4186 4189 4190 4194 4195 4201 4218 4221 4222 4228 4244 4246 4260 4280 4293 4294 4309 4324 4329 4331 4334 4346 4351 4353 4380 4382 4390 4393 4399 4454 4467 4499 4500 4529 4539 4543 4548 4561 4575 4606 4615 4622 4627 4629 4632 4649 4656 4662 4667 4687 4692 4695 4701 4704 4724 4728 4745 4748 4761 4763 4764 4772 4773 4825 4841 4842 4843 4845 4846 4848 4854 4858 4882 4916 4931 4944 4974 5024 5034 5054 5067 5069 5083 5097 5102 5118 5126 5128 5138 5143 5160 5172 5211 5214 5234 5255 5266 5271 5284 5285 5298 5299 5303 5314 5318 5321 5326 5330 5359 5383 5386 5389 5397 5406 5413 5424 5428 5432 5441 5445 5463 5478 5482 5484 5493 5497 5498 5529 5531 5544 5547 5552 5555 5563 5575 5593 5606 5610 5611 5617 5620 5623 5663 5671 5692 5696 5700 5705 5712 5715 5718 5729 5738 5754 5756 5764 5765 5767 5781 5783 5797 5818 5820 5834 5843 5847 5850 5851 5857 5862 5867 5874 5882 5884 5887 5889 5913 5934 5951 5952 5989 5992 5996 5999 6004 6023 6025 6030 6032 6033 6056 6065 6070 6071 6075 6084 6085 6090 6094 6096 6102 6122 6130 6147 6150 6158 6184 6206 6218 6224 6243 6246 6281 6306 6313 6317 6328 6329 6343 6360 6368 6374 6382 6384 6393 6395 6415 6441 6443 6448 6452 6478 6487 6503 6515 6521 6536 6548 6574 6581 6591 6595 6596
predicted is: 1, ref is 4 
fileId is:    '/home/w328li/MLDSP-desktop/samples/g__Prevotella/p__Bacteroidota/c__Rhodothermia/GB_GCA_002469915.1_0.fasta'

predicted is: 1, ref is 4 
fileId is:    '/home/w328li/MLDSP-desktop/samples/g__Prevotella/p__Bacteroidota/c__Rhodothermia/RS_GCF_005869845.1_1.fasta'

(4,1):1
(5,1):1
testInd = 14 21 34 63 79 84 89 93 103 104 107 115 116 118 125 131 134 140 146 154 163 165 167 197 200 205 213 214 246 269 282 296 301 305 308 312 313 322 344 348 366 387 396 414 422 432 468 479 483 487 488 490 492 504 540 544 546 556 575 588 622 631 635 638 644 687 703 709 723 741 745 757 763 772 777 789 790 817 840 847 859 880 897 898 911 933 946 961 964 965 976 998 1000 1001 1014 1028 1032 1035 1037 1042 1068 1075 1088 1090 1094 1097 1104 1110 1122 1125 1148 1151 1154 1156 1164 1184 1186 1207 1214 1258 1270 1275 1278 1294 1307 1322 1323 1324 1326 1332 1334 1340 1353 1356 1358 1359 1360 1371 1382 1394 1433 1435 1437 1441 1442 1464 1472 1473 1474 1477 1515 1528 1535 1541 1542 1544 1554 1556 1567 1574 1576 1620 1636 1640 1672 1688 1690 1700 1703 1709 1718 1719 1740 1742 1771 1781 1782 1802 1814 1815 1823 1832 1851 1852 1857 1865 1885 1904 1938 1940 1952 1963 1987 1990 1994 1996 1998 2019 2033 2034 2035 2045 2048 2050 2053 2083 2088 2092 2095 2098 2102 2143 2149 2160 2165 2166 2175 2185 2195 2210 2226 2230 2237 2243 2278 2279 2281 2283 2285 2310 2314 2318 2327 2332 2334 2353 2357 2363 2384 2386 2389 2411 2425 2429 2432 2442 2457 2459 2480 2496 2503 2526 2544 2547 2558 2567 2584 2586 2597 2613 2615 2626 2651 2663 2666 2667 2673 2683 2710 2718 2721 2732 2736 2758 2796 2809 2811 2813 2827 2830 2833 2842 2855 2859 2909 2926 2946 2956 2960 2967 2973 2979 2980 2984 2990 2991 3023 3032 3034 3035 3036 3038 3066 3090 3101 3103 3104 3123 3143 3158 3171 3176 3185 3192 3198 3202 3206 3224 3233 3234 3235 3245 3250 3283 3290 3303 3334 3335 3367 3368 3372 3390 3391 3415 3427 3431 3437 3444 3452 3468 3472 3483 3496 3497 3505 3529 3532 3542 3561 3563 3564 3567 3569 3574 3593 3594 3628 3650 3655 3668 3682 3704 3730 3748 3749 3757 3763 3765 3769 3776 3794 3799 3808 3811 3816 3836 3842 3851 3904 3911 3913 3923 3958 3966 3971 3988 3995 3998 4003 4008 4011 4012 4016 4034 4035 4047 4051 4053 4055 4059 4068 4071 4088 4089 4102 4118 4122 4123 4140 4143 4144 4165 4175 4196 4206 4212 4223 4229 4231 4247 4254 4275 4300 4314 4318 4320 4344 4356 4359 4363 4371 4373 4379 4381 4386 4400 4402 4415 4418 4428 4451 4452 4453 4458 4463 4474 4484 4486 4492 4519 4535 4540 4568 4577 4582 4593 4610 4613 4617 4621 4626 4631 4633 4664 4675 4682 4689 4693 4727 4731 4747 4759 4771 4792 4820 4821 4832 4834 4852 4873 4876 4888 4900 4919 4956 4957 4968 4977 4988 4990 4996 5000 5008 5017 5020 5033 5073 5089 5092 5098 5139 5140 5149 5157 5170 5173 5175 5177 5197 5229 5233 5237 5240 5242 5246 5247 5251 5280 5336 5353 5362 5369 5374 5384 5392 5412 5416 5434 5437 5456 5460 5467 5480 5505 5507 5514 5515 5518 5521 5522 5533 5542 5543 5548 5568 5588 5613 5624 5627 5632 5664 5667 5673 5676 5683 5695 5697 5708 5710 5719 5720 5725 5727 5735 5740 5744 5745 5757 5762 5763 5787 5794 5796 5802 5810 5836 5842 5858 5870 5877 5880 5894 5897 5901 5909 5912 5914 5916 5941 5944 5974 5976 5978 5981 5987 6001 6003 6008 6012 6050 6055 6064 6072 6099 6100 6108 6126 6144 6146 6149 6152 6156 6161 6172 6179 6194 6199 6207 6210 6213 6223 6229 6232 6234 6236 6245 6249 6256 6262 6273 6282 6296 6312 6331 6339 6340 6351 6364 6365 6375 6379 6392 6403 6409 6414 6432 6453 6473 6474 6479 6481 6490 6507 6513 6522 6556 6565 6566 6569 6590
predicted is: 1, ref is 4 
fileId is:    '/home/w328li/MLDSP-desktop/samples/g__Prevotella/p__Bacteroidota/c__Rhodothermia/GB_GCA_002238805.1_0.fasta'

predicted is: 1, ref is 5 
fileId is:    '/home/w328li/MLDSP-desktop/samples/g__Prevotella/p__Bacteroidota/c__UBA10030/GB_GCA_003327435.1_1.fasta'

(4,1):1
(5,3):1
testInd = 10 16 37 39 43 46 54 57 60 64 94 110 114 124 136 149 155 162 171 176 179 180 181 204 211 221 224 230 239 244 245 248 257 260 278 281 283 293 310 324 334 351 360 367 369 390 397 409 436 456 458 459 466 471 478 495 536 541 542 570 584 605 630 636 640 641 650 664 681 699 704 705 737 750 785 813 826 830 831 851 857 875 877 878 887 891 896 906 913 914 921 922 929 951 958 968 974 991 993 1018 1023 1048 1053 1059 1091 1103 1117 1130 1134 1139 1150 1160 1163 1165 1170 1171 1180 1193 1210 1247 1249 1255 1262 1267 1269 1288 1300 1308 1312 1314 1317 1320 1327 1362 1367 1370 1375 1386 1395 1403 1406 1408 1410 1417 1418 1421 1422 1427 1445 1446 1457 1460 1467 1481 1495 1500 1519 1526 1527 1533 1550 1562 1572 1587 1591 1611 1614 1617 1622 1634 1643 1656 1662 1665 1671 1685 1691 1720 1777 1780 1793 1803 1808 1813 1834 1850 1855 1868 1882 1889 1891 1895 1921 1928 1935 1946 1948 1953 1967 1968 1981 1986 2003 2010 2012 2016 2051 2081 2091 2111 2113 2118 2123 2129 2141 2152 2158 2159 2183 2184 2197 2211 2216 2241 2262 2265 2269 2294 2299 2329 2367 2371 2373 2376 2387 2391 2400 2407 2414 2444 2462 2463 2468 2485 2487 2492 2494 2514 2516 2523 2524 2529 2563 2582 2588 2603 2637 2649 2664 2681 2687 2693 2698 2700 2717 2722 2727 2730 2746 2753 2756 2763 2776 2777 2791 2793 2795 2824 2826 2835 2861 2865 2874 2877 2882 2886 2888 2895 2913 2917 2919 2931 2937 2938 2940 2951 2957 2968 2974 2978 2983 2996 2998 3001 3018 3025 3040 3045 3051 3058 3059 3072 3075 3076 3079 3081 3109 3116 3138 3148 3149 3152 3170 3177 3178 3186 3199 3204 3212 3213 3242 3244 3263 3281 3288 3306 3307 3312 3315 3339 3342 3364 3369 3389 3394 3440 3450 3453 3456 3467 3475 3482 3498 3500 3517 3526 3531 3535 3541 3558 3581 3582 3597 3605 3606 3610 3646 3649 3666 3671 3675 3679 3681 3688 3705 3713 3714 3720 3731 3736 3740 3747 3755 3761 3766 3780 3782 3787 3823 3829 3834 3838 3839 3863 3873 3877 3891 3892 3899 3920 3928 3935 3956 3965 3993 3994 3996 4010 4017 4020 4021 4038 4060 4075 4081 4092 4093 4103 4120 4129 4131 4132 4148 4160 4161 4171 4177 4183 4208 4220 4224 4238 4242 4255 4262 4277 4278 4281 4297 4302 4311 4321 4323 4352 4369 4370 4387 4397 4405 4409 4436 4438 4443 4447 4469 4478 4479 4491 4495 4504 4513 4516 4523 4536 4541 4542 4546 4549 4552 4553 4554 4572 4573 4574 4584 4585 4595 4596 4598 4601 4647 4651 4655 4659 4678 4749 4775 4783 4794 4804 4817 4819 4831 4849 4855 4866 4898 4903 4942 4969 4970 4997 4998 5005 5021 5057 5061 5068 5078 5079 5080 5093 5105 5122 5124 5144 5151 5168 5174 5187 5191 5192 5201 5202 5204 5207 5209 5212 5223 5230 5245 5259 5287 5291 5296 5304 5310 5324 5329 5333 5339 5343 5347 5366 5373 5395 5402 5410 5415 5420 5440 5449 5470 5471 5519 5526 5527 5535 5540 5554 5560 5577 5587 5592 5622 5629 5630 5640 5645 5651 5659 5677 5679 5688 5698 5703 5711 5717 5728 5731 5747 5761 5776 5779 5784 5799 5800 5833 5852 5863 5865 5885 5891 5893 5915 5918 5927 5935 5947 5959 5962 5972 5975 5982 5986 5990 5998 6000 6006 6039 6041 6048 6061 6062 6098 6118 6120 6123 6148 6165 6174 6176 6192 6195 6208 6217 6221 6222 6228 6244 6271 6275 6287 6303 6305 6307 6311 6314 6319 6322 6357 6363 6389 6400 6417 6418 6428 6431 6458 6467 6469 6518 6527 6534 6539 6550 6562 6589 6592 6599
predicted is: 1, ref is 4 
fileId is:    '/home/w328li/MLDSP-desktop/samples/g__Prevotella/p__Bacteroidota/c__Rhodothermia/GB_GCA_002344075.1_1.fasta'

predicted is: 3, ref is 5 
fileId is:    '/home/w328li/MLDSP-desktop/samples/g__Prevotella/p__Bacteroidota/c__UBA10030/GB_GCA_005792285.1_1.fasta'

(2,1):1
(4,1):1
testInd = 2 22 45 47 51 70 78 86 90 101 123 150 158 170 178 185 189 193 206 209 220 225 250 255 267 273 276 277 289 298 303 317 318 330 346 350 375 381 383 413 415 430 445 448 453 454 480 489 498 501 522 533 534 539 549 568 571 573 585 591 597 601 616 628 642 660 680 685 702 715 724 776 778 782 791 795 804 825 837 856 862 863 915 936 938 954 963 973 984 999 1003 1012 1024 1045 1046 1056 1063 1073 1086 1101 1120 1123 1127 1128 1147 1167 1173 1175 1228 1231 1245 1260 1265 1276 1289 1297 1302 1310 1311 1343 1346 1357 1361 1384 1391 1401 1419 1429 1432 1444 1455 1459 1483 1498 1504 1514 1532 1534 1577 1584 1589 1590 1610 1630 1631 1632 1648 1651 1666 1684 1717 1723 1747 1768 1790 1794 1800 1801 1817 1844 1854 1860 1861 1870 1871 1877 1897 1906 1916 1922 1925 1930 1933 1934 1944 1956 1958 1959 1964 1970 1978 1984 2014 2022 2030 2032 2036 2038 2044 2055 2070 2071 2075 2086 2109 2110 2115 2121 2125 2151 2153 2156 2170 2177 2181 2198 2215 2220 2232 2240 2261 2263 2272 2274 2297 2302 2311 2315 2317 2323 2342 2362 2378 2392 2404 2415 2419 2421 2431 2436 2451 2465 2474 2528 2534 2543 2555 2560 2562 2564 2566 2574 2579 2589 2598 2611 2616 2617 2646 2662 2706 2712 2713 2720 2726 2738 2739 2743 2747 2749 2764 2767 2770 2783 2798 2807 2814 2818 2832 2868 2875 2884 2889 2893 2894 2899 2910 2922 2981 2995 2999 3019 3042 3070 3073 3074 3089 3117 3133 3144 3147 3155 3184 3194 3222 3247 3252 3256 3271 3277 3297 3330 3349 3355 3359 3361 3396 3400 3405 3409 3421 3422 3426 3443 3447 3458 3469 3470 3474 3478 3480 3485 3492 3495 3503 3512 3518 3540 3544 3547 3551 3554 3560 3566 3576 3580 3587 3598 3601 3616 3625 3627 3635 3652 3659 3672 3676 3696 3697 3699 3702 3710 3715 3750 3753 3754 3773 3796 3805 3809 3812 3813 3819 3882 3887 3916 3922 3931 3949 3969 3976 3980 4013 4026 4028 4032 4037 4046 4070 4074 4077 4078 4084 4085 4097 4117 4135 4138 4142 4154 4159 4168 4181 4187 4188 4197 4198 4199 4205 4213 4214 4215 4226 4227 4232 4237 4241 4243 4250 4261 4274 4279 4291 4292 4301 4308 4325 4337 4340 4342 4345 4357 4360 4367 4389 4392 4395 4396 4411 4429 4433 4441 4449 4456 4460 4461 4464 4465 4466 4475 4483 4496 4510 4520 4557 4558 4559 4597 4608 4609 4619 4624 4639 4641 4679 4681 4697 4710 4713 4733 4738 4743 4746 4753 4766 4776 4795 4801 4807 4818 4827 4828 4837 4865 4867 4868 4875 4880 4889 4897 4906 4908 4913 4928 4934 4943 4948 4952 4978 4983 4986 4989 5001 5004 5011 5031 5045 5063 5072 5077 5084 5088 5108 5129 5142 5147 5152 5166 5184 5194 5210 5222 5225 5232 5254 5262 5270 5273 5277 5297 5307 5313 5325 5331 5350 5354 5361 5367 5371 5372 5382 5398 5401 5425 5448 5450 5451 5454 5455 5473 5481 5488 5513 5516 5517 5524 5528 5553 5556 5564 5576 5602 5603 5616 5626 5628 5637 5642 5657 5678 5680 5687 5701 5713 5723 5734 5749 5769 5770 5793 5795 5824 5826 5831 5841 5848 5849 5855 5864 5868 5886 5919 5920 5922 5945 5950 5954 5957 5958 5961 5971 5980 5994 5997 6014 6020 6022 6026 6031 6035 6042 6058 6066 6074 6081 6091 6092 6117 6125 6127 6129 6139 6142 6170 6185 6209 6211 6231 6240 6252 6259 6264 6284 6286 6289 6298 6308 6316 6326 6327 6330 6334 6337 6348 6371 6390 6391 6398 6405 6423 6425 6429 6433 6437 6439 6450 6461 6472 6484 6485 6489 6491 6519 6530 6535 6537 6545 6559 6577 6578
predicted is: 1, ref is 2 
fileId is:    '/home/w328li/MLDSP-desktop/samples/g__Prevotella/p__Bacteroidota/c__Chlorobia/RS_GCF_000012585.1_1.fasta'

predicted is: 1, ref is 4 
fileId is:    '/home/w328li/MLDSP-desktop/samples/g__Prevotella/p__Bacteroidota/c__Rhodothermia/RS_GCF_900142415.1_1.fasta'

(4,1):1
testInd = 4 5 7 11 15 17 19 49 53 62 77 82 95 96 109 113 139 145 147 164 177 195 199 208 219 231 232 238 242 254 285 288 290 291 295 297 304 307 314 319 327 353 354 364 373 378 391 408 434 442 460 465 467 472 473 474 481 493 507 523 529 538 548 553 554 557 561 576 589 607 625 661 676 683 700 711 712 720 728 734 743 747 759 767 775 799 801 803 806 810 812 820 828 833 834 853 861 869 885 890 901 905 907 930 941 945 949 952 969 970 972 977 980 988 989 1011 1030 1051 1052 1055 1060 1064 1071 1089 1098 1105 1115 1116 1119 1129 1158 1162 1166 1190 1212 1217 1222 1230 1235 1236 1246 1251 1263 1264 1266 1279 1287 1318 1328 1344 1389 1404 1430 1439 1469 1471 1479 1482 1484 1486 1511 1518 1539 1540 1543 1546 1549 1553 1555 1561 1573 1585 1593 1599 1600 1606 1609 1618 1628 1629 1637 1644 1645 1647 1649 1660 1667 1679 1687 1692 1695 1705 1733 1753 1754 1758 1765 1769 1774 1789 1798 1799 1838 1846 1881 1886 1887 1888 1910 1911 1912 1923 1941 1966 1992 2009 2011 2015 2025 2026 2046 2047 2054 2079 2093 2178 2187 2189 2193 2196 2199 2200 2203 2206 2209 2224 2228 2271 2273 2286 2295 2319 2330 2354 2359 2365 2369 2380 2393 2397 2399 2401 2405 2406 2439 2440 2443 2452 2458 2466 2467 2488 2501 2504 2505 2508 2509 2519 2527 2537 2546 2549 2551 2557 2569 2573 2577 2591 2596 2602 2605 2607 2608 2612 2631 2633 2658 2665 2668 2675 2676 2690 2692 2697 2703 2729 2733 2744 2752 2755 2766 2772 2779 2780 2790 2810 2815 2823 2829 2837 2839 2854 2860 2870 2880 2881 2896 2911 2914 2925 2930 2934 2941 2958 2959 2970 2977 2987 2993 2997 3052 3055 3064 3077 3080 3087 3091 3098 3110 3115 3119 3121 3126 3129 3130 3139 3162 3173 3190 3211 3221 3223 3254 3266 3269 3274 3275 3280 3299 3308 3309 3325 3338 3354 3387 3398 3401 3404 3408 3416 3419 3425 3430 3448 3449 3463 3473 3479 3491 3504 3514 3519 3539 3546 3577 3592 3604 3607 3614 3623 3624 3629 3637 3657 3662 3673 3678 3680 3685 3711 3712 3734 3770 3785 3788 3792 3793 3804 3852 3857 3866 3876 3883 3889 3893 3919 3938 3941 3951 3952 3957 3970 3973 4009 4040 4044 4067 4095 4099 4109 4112 4141 4149 4155 4162 4174 4191 4210 4239 4245 4248 4249 4256 4265 4270 4288 4289 4290 4316 4317 4338 4343 4348 4362 4383 4401 4440 4459 4481 4482 4497 4502 4506 4511 4517 4524 4528 4550 4563 4564 4565 4566 4569 4571 4581 4599 4600 4602 4618 4625 4660 4661 4670 4672 4676 4690 4700 4726 4750 4751 4752 4768 4769 4774 4784 4786 4788 4793 4809 4861 4878 4887 4890 4911 4915 4921 4926 4927 4929 4932 4947 4950 4965 4972 4973 4995 5006 5029 5042 5046 5058 5066 5075 5076 5104 5115 5120 5125 5131 5141 5145 5155 5156 5161 5179 5200 5215 5217 5224 5231 5238 5252 5263 5272 5274 5290 5295 5305 5309 5319 5322 5338 5396 5403 5411 5427 5435 5438 5475 5483 5500 5530 5537 5541 5562 5578 5584 5589 5597 5599 5621 5631 5634 5655 5656 5665 5684 5690 5702 5707 5716 5721 5766 5774 5792 5813 5819 5829 5838 5869 5879 5883 5892 5896 5898 5905 5931 5936 5940 5964 5968 5969 5983 5991 6002 6009 6019 6024 6028 6038 6040 6049 6067 6083 6101 6109 6121 6133 6134 6137 6155 6162 6163 6166 6167 6190 6201 6253 6278 6279 6294 6318 6338 6354 6356 6359 6370 6372 6373 6377 6394 6402 6411 6413 6445 6447 6462 6468 6477 6486 6493 6496 6498 6509 6525 6541 6544 6553 6594 6598
predicted is: 1, ref is 4 
fileId is:    '/home/w328li/MLDSP-desktop/samples/g__Prevotella/p__Bacteroidota/c__Rhodothermia/GB_GCA_002344075.1_0.fasta'

confusion matrix for LinearDiscriminant is:
        6154           0           0           1           0
           2          66           0           0           0
           0           0          82           0           0
           7           0           0         211           0
           3           0           2           0          71

        ClassifierModel         Accuracy
    ________________________    ________

    {'LinearDiscriminant'  }      99.8  
    {'LinearSVM'           }        96  
    {'QuadraticSVM'        }      99.3  
    {'FineKNN'             }      98.7  
    {'SubspaceDiscriminant'}      98.9  
    {'SubspaceKNN'         }      98.6  
    {'AverageAccuracy'     }      98.6  

[?1l>