g__UMGS1441 0
g__UMGS911 0
g__UMGS911 0
g__UMGS1312 0
g__UMGS1312 0
g__UMGS1312 0
g__UMGS1312 0
d__Bacteria 0
d__Bacteria 0
d__Bacteria 0
d__Bacteria 0
d__Bacteria 1
d__Bacteria 0
d__Bacteria 3
d__Bacteria 1
 0
 0
 0
 0
 1
 2
 3
 5
 9
 12
 12
 27
 48
 81
 118
 0
 0
 0
 0
 0
 0
 0
 0
 0
 0
 0
 0
 0
 0
 0
 0
 0
 0
 0
 0
 0
 0
 0
 0
 0
 0
 0
 0
 2
 1
 3
 4
 11
 12
 12
 28
 54
 82
 109
 117
 158
 0
 0
 0
 0
 0
 1
 1
 2
 1
 5
 4
 4
 4
 6
 7
 11
 13
 0
 1
 2
 2
 0
 1
 1
 3
 4
 3
 5
 6
 0
 1
 1
 2
 1
 2
 1
 2
 2
 1
 4
 5
 8
 1
 0
 1
 0
 2
 1
 1
 3
 4
 8
 10
 86
 1
 1
 1
 1
 2
 0
 1
 0
 1
 1
 2
 2
 2
 3
 3
 3
 5
 0
 0
 1
 2
 3
 3
 3
 1
 1
 0
 2
 2
 2
 3
 3
 4
 4
 36
 0
 0
 0
 0
 0
 0
 0
 1
 1
 0
 0
 0
 0
 4
 5
 5
 5
 7
 7
 13
 16
 16
 49
 0
 1
 1
 1
 2
 2
 2
 3
 7
 10
 10
 0
 1
 1
 1
 1
 1
 1
 0
 0
 1
 1
 1
 2
 1
 3
 2
 3
 4
 4
 0
 1
 1
 0
 0
 0
 1
 1
 0
 0
 1
 1
 1
 1
 1
 1
 1
 3
 2
 2
 4
 0
 0
 0
 0
 27
 0
 0
 0
 0
 0
 0
 0
 0
 0
 0
 0
 0
 10
 0
 127
 0
 60
 1
 1
 2
 5
 9
 9
 10
 27
 32
 50
 86
 86
 0
 85
 0
 1
 3
 4
 9
 10
 11
 25
 41
 73
 73
 47
 1
 1
 1
 0
 2
 3
 3
 3
 4
 0
 2
 1
 2
 2
 1
 5
 5
 8
 7
 10
 18
 19
 26
 68
 70
 1
 1
 1
 1
 2
 2
 2
 3
 2
 5
 4
 6
 6
 9
 35
 0
 1
 1
 2
 1
 1
 1
 2
 2
 2
 3
 3
 4
 3
 4
 5
 1
 2
 1
 2
 2
 2
 3
 6
 6
 6
 11
 13
 20
 21
 51
 101
 1
 1
 2
 1
 4
 5
 5
 1
 1
 2
 2
 2
 2
 3
 3
 3
 3
 3
 3
 4
 5
 6
 6
 6
 6
 20
 0
 1
 1
 1
 2
 1
 2
 2
 3
 2
 23
