MATLAB is selecting SOFTWARE OPENGL rendering.
[?1h=
                            < M A T L A B (R) >
                  Copyright 1984-2019 The MathWorks, Inc.
              R2019b Update 5 (9.7.0.1319299) 64-bit (glnxa64)
                             February 19, 2020

 
To get started, type doc.
For product information, visit www.mathworks.com.
 
[H[2J
dataSet =

    'order_const_factor_multifrag_13'


testSet =

  0x0 empty char array


methodNum =

     1


dataSetPath =

    '/home/w328li/MLDSP-desktop/samples/order_const_factor_multifrag_13'


testSetPath =

    '/home/w328li/MLDSP-desktop/samples/'

Reading sequences .... 
display cluster name
o__Acholeplasmatales
display cluster name
o__Bacillales
display cluster name
o__Erysipelotrichales
display cluster name
o__Lactobacillales
display cluster name
o__Mycoplasmatales
display cluster name
o__Paenibacillales
display cluster name
o__RF39
display cluster name
o__RFN20
display cluster name
o__Staphylococcales
Starting parallel pool (parpool) using the 'local' profile ...
Connected to the parallel pool (number of workers: 12).
Computing Distance matrix .... 
Performing classification .... 
(4,2):1
(9,2):1
testInd = 11 67 69 74 78 79 121 122 123 132 136 146 151 152 166 177 180 193 202 221 222 236 238 244 255 271 285 314 315 320 326 327 332 334 348 359 366 368 371 378 385 403 413 420 421 428 432 439 440 449 461 466 477 495 497 499 508 511 514 523 528 532 550 570 574 578 596 599 610 631 638 639 657 659 665 666 672 688 695 701 713 724 752 757 781 783 785 821 829 836 850 854 878 882 883 895 931 932 936 952 954 970 972 989 992 1006 1010 1012 1016 1020 1035 1053 1058 1080 1082 1084 1089 1099 1100 1108 1113 1124 1129 1151 1153 1164 1165 1169 1172 1175 1178 1181 1182 1223 1229 1246 1254 1274 1280 1302 1308 1319 1328 1333 1346 1383 1387 1398 1412 1416 1434 1439 1454 1456 1473 1476 1484 1486 1488 1492 1496 1498 1518 1522 1525 1531 1532 1535 1557 1562 1571 1576 1585 1598 1603 1609 1624 1628 1633 1645 1664 1672 1710 1739 1750 1767 1773 1775 1779 1782 1812 1824 1832 1834 1841 1869 1886 1888 1892 1895 1906 1925 1926 1935 1956 2005 2018 2021 2031 2036 2041 2058 2091 2100 2109 2117 2135 2140 2142 2163 2169 2186 2187 2188 2189 2197 2202 2216 2261 2262 2307 2311 2312 2321 2349 2355 2371 2379 2402 2409 2413 2426 2461 2464 2466 2472 2475 2483 2487 2496
predicted is: 2, ref is 4 
fileId is:    '/home/w328li/MLDSP-desktop/samples/order_const_factor_multifrag_13/o__Lactobacillales/RS_GCF_000407605.1.fasta'

predicted is: 2, ref is 9 
fileId is:    '/home/w328li/MLDSP-desktop/samples/order_const_factor_multifrag_13/o__Staphylococcales/RS_GCF_003814515.1.fasta'

testInd = 16 37 38 39 41 46 59 65 70 80 124 130 135 154 160 173 184 194 212 213 215 217 223 232 243 252 253 256 258 262 265 268 273 278 281 304 307 317 330 343 349 356 358 361 363 383 391 392 393 397 400 402 423 427 431 437 452 457 468 483 485 500 517 549 553 568 582 600 609 619 622 627 664 669 679 680 681 683 690 693 697 706 718 721 745 747 760 765 774 778 791 795 817 837 855 865 871 881 939 976 986 987 991 998 999 1002 1017 1028 1039 1068 1093 1126 1127 1144 1150 1157 1194 1217 1237 1242 1243 1244 1253 1265 1266 1276 1290 1294 1307 1312 1320 1325 1335 1355 1363 1370 1374 1380 1386 1400 1427 1431 1448 1471 1490 1494 1533 1541 1553 1555 1563 1574 1581 1583 1587 1605 1608 1610 1619 1647 1653 1677 1687 1690 1720 1735 1752 1780 1781 1792 1793 1795 1798 1807 1826 1854 1856 1860 1863 1871 1877 1881 1883 1889 1897 1898 1899 1921 1922 1923 1924 1928 1934 1946 1952 1959 1964 1969 1979 1994 1999 2007 2043 2044 2056 2060 2075 2088 2090 2097 2098 2118 2125 2130 2154 2157 2164 2168 2190 2206 2211 2233 2247 2248 2268 2269 2281 2285 2295 2305 2309 2331 2334 2338 2350 2368 2373 2377 2381 2385 2388 2407 2419 2420 2423 2469 2473 2476 2478 2481 2497
(1,4):1
(1,7):1
(6,2):1
(8,7):1
testInd = 4 5 15 20 25 30 42 45 60 61 73 89 95 106 118 145 150 165 181 188 195 203 204 219 220 240 241 279 295 325 346 351 372 373 417 424 441 447 451 459 470 473 488 509 535 545 551 564 572 579 584 588 595 601 617 625 628 646 648 652 653 668 717 722 732 743 746 787 789 794 798 799 809 824 840 851 867 872 875 880 897 898 911 913 918 919 923 926 927 941 942 949 957 958 975 984 990 1003 1008 1032 1041 1060 1061 1069 1070 1071 1081 1085 1111 1121 1140 1142 1154 1158 1161 1186 1197 1208 1214 1224 1234 1256 1277 1339 1343 1351 1352 1361 1368 1378 1384 1388 1399 1401 1402 1403 1404 1406 1432 1445 1451 1463 1464 1467 1469 1501 1504 1509 1516 1524 1534 1537 1551 1559 1565 1578 1579 1580 1599 1611 1617 1618 1637 1641 1648 1651 1652 1660 1663 1667 1671 1679 1684 1692 1694 1698 1699 1703 1705 1716 1738 1742 1769 1770 1802 1803 1814 1823 1827 1865 1875 1890 1903 1904 1918 1932 1937 1938 1961 1984 1988 1998 2002 2010 2012 2046 2054 2055 2059 2076 2101 2102 2126 2132 2144 2145 2149 2159 2162 2165 2171 2195 2198 2209 2210 2220 2223 2229 2240 2254 2280 2292 2301 2314 2319 2320 2326 2332 2345 2354 2372 2383 2412 2424 2431 2434 2438 2449 2484 2486 2491
predicted is: 7, ref is 1 
fileId is:    '/home/w328li/MLDSP-desktop/samples/order_const_factor_multifrag_13/o__Acholeplasmatales/GB_GCA_001916215.1.fasta'

predicted is: 4, ref is 1 
fileId is:    '/home/w328li/MLDSP-desktop/samples/order_const_factor_multifrag_13/o__Acholeplasmatales/GB_GCA_900540705.1.fasta'

predicted is: 2, ref is 6 
fileId is:    '/home/w328li/MLDSP-desktop/samples/order_const_factor_multifrag_13/o__Paenibacillales/RS_GCF_004115085.1.fasta'

predicted is: 7, ref is 8 
fileId is:    '/home/w328li/MLDSP-desktop/samples/order_const_factor_multifrag_13/o__RFN20/GB_GCA_002317215.1.fasta'

(4,2):1
testInd = 9 10 17 19 21 22 27 58 63 66 77 83 85 86 90 98 101 112 115 127 147 155 156 168 169 172 179 198 200 208 235 248 272 275 290 302 312 394 410 412 422 425 443 448 450 455 462 464 467 478 489 512 515 525 536 567 569 571 576 602 603 604 607 612 614 615 626 640 667 685 694 700 715 720 727 728 738 742 753 762 769 771 792 802 803 805 806 834 835 843 847 848 856 864 868 877 885 890 905 910 921 929 935 940 965 994 1009 1014 1034 1040 1064 1115 1128 1132 1133 1134 1135 1145 1159 1173 1179 1200 1219 1232 1233 1236 1250 1268 1273 1283 1291 1292 1297 1301 1306 1311 1353 1379 1381 1415 1428 1447 1452 1465 1470 1474 1480 1497 1500 1505 1510 1536 1544 1548 1590 1593 1636 1643 1668 1673 1688 1708 1717 1719 1734 1741 1758 1771 1784 1789 1790 1817 1829 1851 1874 1876 1878 1880 1887 1896 1909 1910 1911 1931 1939 1948 1950 1977 1978 1993 2008 2023 2026 2027 2030 2049 2053 2064 2070 2073 2087 2104 2105 2107 2121 2122 2150 2156 2166 2170 2174 2179 2182 2194 2204 2205 2213 2217 2227 2232 2235 2244 2256 2260 2267 2270 2271 2290 2291 2296 2310 2327 2333 2341 2343 2344 2360 2362 2367 2382 2387 2401 2430 2439 2442 2445 2468 2477 2493 2498 2499
predicted is: 2, ref is 4 
fileId is:    '/home/w328li/MLDSP-desktop/samples/order_const_factor_multifrag_13/o__Lactobacillales/RS_GCF_000525915.1.fasta'

(8,2):1
testInd = 1 26 32 33 51 52 53 82 94 116 117 128 141 143 159 164 176 183 192 197 207 237 245 250 267 274 277 280 303 309 318 337 339 347 352 355 379 382 384 396 399 444 454 460 469 492 496 524 537 552 559 573 575 581 608 613 635 641 645 649 651 656 658 660 662 663 711 731 739 744 749 751 764 776 780 790 800 804 811 816 820 827 841 849 861 866 915 946 950 956 963 967 996 1030 1046 1055 1057 1059 1083 1109 1116 1137 1152 1174 1183 1187 1188 1198 1205 1210 1226 1241 1262 1271 1285 1287 1296 1304 1309 1317 1322 1337 1338 1366 1371 1375 1389 1419 1420 1423 1424 1435 1441 1442 1446 1457 1460 1481 1485 1512 1514 1517 1527 1538 1539 1540 1546 1556 1567 1588 1600 1612 1622 1625 1646 1669 1674 1678 1682 1728 1733 1740 1755 1761 1763 1776 1791 1796 1801 1808 1809 1811 1815 1830 1840 1844 1850 1853 1857 1870 1901 1920 1930 1933 1940 1941 1943 1958 1960 1963 1965 1966 1971 1973 1983 1986 1992 2006 2009 2017 2024 2033 2034 2045 2047 2050 2067 2071 2072 2077 2108 2128 2133 2136 2137 2139 2155 2161 2201 2212 2228 2246 2252 2265 2275 2286 2287 2297 2298 2302 2339 2346 2348 2353 2363 2374 2375 2406 2415 2422 2432 2433 2435 2452 2453 2457 2465 2479 2492 2503
predicted is: 2, ref is 8 
fileId is:    '/home/w328li/MLDSP-desktop/samples/order_const_factor_multifrag_13/o__RFN20/GB_GCA_002437105.1.fasta'

(5,4):1
(8,4):1
testInd = 8 18 31 50 71 88 92 107 120 129 131 133 134 139 158 171 185 187 205 206 210 224 226 228 233 246 254 270 283 286 296 299 306 321 329 342 360 374 377 381 387 389 401 404 406 408 445 463 465 475 484 490 491 503 505 521 527 530 547 554 583 598 616 629 633 637 671 674 678 696 699 707 712 719 725 730 734 741 759 775 777 779 797 814 826 828 839 842 845 846 862 886 901 912 979 981 982 1004 1037 1062 1087 1090 1092 1103 1104 1119 1123 1141 1156 1163 1168 1176 1180 1184 1189 1192 1195 1199 1203 1204 1212 1215 1249 1257 1269 1275 1281 1286 1289 1321 1344 1369 1377 1382 1390 1407 1443 1453 1455 1462 1468 1479 1482 1483 1489 1511 1513 1564 1569 1575 1586 1594 1606 1627 1632 1634 1635 1657 1661 1681 1700 1701 1715 1721 1729 1751 1757 1766 1774 1778 1797 1800 1804 1813 1818 1819 1845 1846 1847 1848 1849 1852 1855 1864 1879 1885 1947 1953 1955 1967 1980 1996 2001 2013 2019 2020 2029 2035 2037 2039 2048 2061 2074 2078 2082 2089 2096 2103 2123 2127 2138 2143 2148 2172 2180 2191 2196 2200 2214 2215 2222 2226 2237 2276 2277 2278 2289 2300 2308 2317 2323 2328 2330 2347 2356 2361 2391 2393 2397 2398 2414 2425 2443 2444 2448 2458 2467 2485 2501 2502
predicted is: 4, ref is 5 
fileId is:    '/home/w328li/MLDSP-desktop/samples/order_const_factor_multifrag_13/o__Mycoplasmatales/RS_GCF_004011965.1.fasta'

predicted is: 4, ref is 8 
fileId is:    '/home/w328li/MLDSP-desktop/samples/order_const_factor_multifrag_13/o__RFN20/GB_GCA_002482465.1.fasta'

(1,3):1
testInd = 7 24 29 35 36 43 48 93 100 104 110 144 153 174 175 196 227 229 251 259 276 282 288 291 292 319 324 328 335 336 350 362 375 376 380 390 411 414 426 429 434 453 458 486 487 502 506 507 510 516 518 519 531 542 543 544 546 561 562 563 565 585 587 591 636 647 650 654 692 703 704 705 708 735 736 748 750 758 770 772 784 786 808 810 815 818 819 830 859 860 863 873 879 887 889 900 916 944 966 977 980 997 1001 1005 1018 1022 1024 1038 1065 1066 1075 1077 1086 1088 1118 1125 1131 1136 1138 1139 1160 1196 1201 1206 1211 1216 1222 1230 1245 1251 1259 1270 1272 1279 1298 1305 1314 1315 1318 1324 1334 1341 1347 1349 1350 1358 1385 1397 1409 1418 1422 1433 1437 1458 1487 1503 1507 1515 1521 1528 1543 1558 1566 1572 1573 1589 1596 1602 1649 1654 1662 1670 1680 1685 1697 1722 1736 1756 1759 1762 1765 1768 1783 1787 1799 1810 1838 1839 1861 1866 1907 1914 1917 1949 1951 1954 1972 1981 2004 2051 2052 2057 2069 2079 2086 2106 2113 2114 2120 2124 2131 2146 2152 2173 2175 2185 2192 2207 2225 2245 2249 2272 2274 2282 2299 2306 2316 2322 2329 2335 2342 2351 2357 2359 2366 2380 2400 2405 2408 2421 2428 2437 2455 2456 2459 2462 2470 2488 2489 2490
predicted is: 3, ref is 1 
fileId is:    '/home/w328li/MLDSP-desktop/samples/order_const_factor_multifrag_13/o__Acholeplasmatales/GB_GCA_900540175.1.fasta'

(1,7):1
(7,3):1
testInd = 6 12 34 54 55 56 57 75 84 87 97 99 103 111 119 162 167 189 191 230 234 260 261 313 333 341 344 419 433 435 438 442 474 476 480 493 522 526 533 534 538 539 540 548 555 557 586 594 605 611 632 655 687 689 691 698 702 709 714 716 733 737 756 788 801 807 813 825 831 852 857 870 892 893 899 902 906 909 924 928 930 934 937 938 955 964 968 973 988 995 1011 1013 1021 1027 1036 1047 1048 1054 1073 1074 1078 1094 1096 1098 1101 1114 1120 1122 1147 1155 1162 1166 1167 1171 1190 1191 1202 1207 1218 1225 1227 1252 1255 1260 1261 1282 1299 1313 1316 1326 1332 1336 1340 1356 1359 1364 1365 1393 1395 1396 1410 1413 1417 1425 1444 1449 1450 1472 1477 1493 1502 1520 1523 1547 1552 1568 1577 1582 1591 1595 1604 1607 1614 1616 1623 1631 1656 1665 1675 1689 1693 1704 1709 1711 1713 1718 1724 1725 1732 1737 1743 1744 1746 1749 1772 1820 1831 1835 1837 1873 1891 1900 1913 1916 1944 1945 1957 1962 1987 1989 1990 1991 2003 2011 2022 2025 2032 2042 2065 2068 2081 2092 2093 2112 2115 2129 2134 2151 2158 2160 2183 2193 2199 2203 2208 2221 2230 2238 2241 2250 2253 2257 2266 2293 2294 2315 2340 2352 2364 2365 2369 2386 2389 2392 2410 2411 2450 2451 2471 2482
predicted is: 7, ref is 1 
fileId is:    '/home/w328li/MLDSP-desktop/samples/order_const_factor_multifrag_13/o__Acholeplasmatales/GB_GCA_002358935.1.fasta'

predicted is: 3, ref is 7 
fileId is:    '/home/w328li/MLDSP-desktop/samples/order_const_factor_multifrag_13/o__RF39/GB_GCA_900317975.1.fasta'

(8,1):1
testInd = 13 28 40 62 68 72 76 91 96 105 113 114 125 138 140 149 161 182 201 211 214 216 231 239 249 266 269 287 289 293 294 300 310 316 323 345 353 386 409 416 418 471 479 482 494 498 501 504 513 520 529 556 577 580 620 621 624 643 675 684 710 726 729 740 761 766 767 768 773 782 793 796 812 822 832 838 844 853 858 869 874 884 894 903 907 914 917 922 943 951 960 962 978 993 1019 1023 1025 1031 1033 1043 1044 1051 1056 1063 1095 1102 1105 1106 1110 1149 1170 1193 1213 1220 1228 1231 1240 1247 1258 1263 1267 1284 1288 1300 1303 1323 1327 1329 1331 1342 1345 1348 1360 1362 1367 1373 1376 1391 1405 1408 1414 1436 1438 1440 1475 1491 1499 1526 1529 1545 1549 1550 1570 1584 1592 1597 1601 1613 1615 1621 1626 1638 1640 1642 1658 1659 1666 1683 1686 1691 1696 1706 1726 1727 1745 1753 1754 1764 1785 1786 1794 1828 1836 1842 1843 1858 1859 1862 1867 1872 1884 1894 1902 1905 1908 1915 1919 1929 1936 1970 1985 1995 2015 2062 2083 2084 2085 2094 2099 2110 2111 2147 2176 2177 2178 2219 2224 2231 2239 2251 2263 2264 2279 2284 2288 2303 2313 2325 2358 2370 2376 2378 2390 2395 2396 2399 2403 2417 2427 2429 2436 2440 2441 2447 2454 2460 2463 2480 2494 2495
predicted is: 1, ref is 8 
fileId is:    '/home/w328li/MLDSP-desktop/samples/order_const_factor_multifrag_13/o__RFN20/GB_GCA_002292805.1.fasta'

(6,2):1
testInd = 2 3 14 23 44 47 49 64 81 102 108 109 126 137 142 148 157 163 170 178 186 190 199 209 218 225 242 247 257 263 264 284 297 298 301 305 308 311 322 331 338 340 354 357 364 365 367 369 370 388 395 398 405 407 415 430 436 446 456 472 481 541 558 560 566 589 590 592 593 597 606 618 623 630 634 642 644 661 670 673 676 677 682 686 723 754 755 763 823 833 876 888 891 896 904 908 920 925 933 945 947 948 953 959 961 969 971 974 983 985 1000 1007 1015 1026 1029 1042 1045 1049 1050 1052 1067 1072 1076 1079 1091 1097 1107 1112 1117 1130 1143 1146 1148 1177 1185 1209 1221 1235 1238 1239 1248 1264 1278 1293 1295 1310 1330 1354 1357 1372 1392 1394 1411 1421 1426 1429 1430 1459 1461 1466 1478 1495 1506 1508 1519 1530 1542 1554 1560 1561 1620 1629 1630 1639 1644 1650 1655 1676 1695 1702 1707 1712 1714 1723 1730 1731 1747 1748 1760 1777 1788 1805 1806 1816 1821 1822 1825 1833 1868 1882 1893 1912 1927 1942 1968 1974 1975 1976 1982 1997 2000 2014 2016 2028 2038 2040 2063 2066 2080 2095 2116 2119 2141 2153 2167 2181 2184 2218 2234 2236 2242 2243 2255 2258 2259 2273 2283 2304 2318 2324 2336 2337 2384 2394 2404 2416 2418 2446 2474 2500
predicted is: 2, ref is 6 
fileId is:    '/home/w328li/MLDSP-desktop/samples/order_const_factor_multifrag_13/o__Paenibacillales/RS_GCF_002003265.1.fasta'

        ClassifierModel         Accuracy
    ________________________    ________

    {'LinearDiscriminant'  }      99.4  
    {'LinearSVM'           }      92.1  
    {'QuadraticSVM'        }      95.4  
    {'FineKNN'             }      88.3  
    {'SubspaceDiscriminant'}      97.4  
    {'SubspaceKNN'         }        88  
    {'AverageAccuracy'     }      93.4  

Process completed 
[?1l>