MATLAB is selecting SOFTWARE OPENGL rendering.
[?1h=
                            < M A T L A B (R) >
                  Copyright 1984-2019 The MathWorks, Inc.
              R2019b Update 5 (9.7.0.1319299) 64-bit (glnxa64)
                             February 19, 2020

 
To get started, type doc.
For product information, visit www.mathworks.com.
 
[H[2J
dataSet =

    'order_const_factor_multifrag_4'


testSet =

  0x0 empty char array


methodNum =

     1


dataSetPath =

    '/home/w328li/MLDSP-desktop/samples/order_const_factor_multifrag_4'


testSetPath =

    '/home/w328li/MLDSP-desktop/samples/'

Reading sequences .... 
display cluster name
o__Acetobacterales
display cluster name
o__Acholeplasmatales
display cluster name
o__Bacillales
display cluster name
o__Burkholderiales
display cluster name
o__Caulobacterales
display cluster name
o__Christensenellales
display cluster name
o__Chromatiales
display cluster name
o__Clostridiales
display cluster name
o__Ectothiorhodospirales
display cluster name
o__Erysipelotrichales
display cluster name
o__Lachnospirales
display cluster name
o__Lactobacillales
display cluster name
o__Mycobacteriales
display cluster name
o__Mycoplasmatales
display cluster name
o__Oscillospirales
display cluster name
o__Peptostreptococcales
display cluster name
o__Tissierellales
Starting parallel pool (parpool) using the 'local' profile ...
Connected to the parallel pool (number of workers: 12).
Computing Distance matrix .... 
Performing classification .... 
(1,4):1
(4,12):1
(7,6):1
(9,4):2
(10,11):1
(10,15):1
(11,8):1
(11,16):1
(12,4):1
(16,11):4
(16,17):1
(17,16):2
testInd = 15 17 26 32 35 40 42 49 52 57 62 63 130 171 174 177 188 192 196 202 223 243 261 285 286 288 290 307 314 335 336 337 347 348 351 353 354 356 357 359 378 384 390 424 431 464 479 482 509 518 519 522 523 527 547 551 553 562 567 570 588 605 614 615 619 635 638 642 652 662 669 673 674 695 699 708 712 721 739 741 742 745 748 755 762 786 802 816 826 830 840 856 858 874 885 892 909 917 927 944 950 963 964 981 988 998 1002 1017 1022 1026 1027 1042 1045 1054 1075 1105 1107 1112 1118 1119 1136 1141 1144 1150 1156 1167 1176 1178 1194 1195 1199 1204 1219 1220 1229 1239 1244 1273 1280 1285 1304 1309 1310 1320 1325 1332 1353 1378 1388 1419 1425 1431 1432 1439 1480 1482 1488 1494 1495 1509 1511 1526 1529 1543 1545 1548 1562 1564 1567 1569 1571 1574 1575 1590 1601 1619 1620 1624 1633 1655 1687 1695 1705 1709 1714 1723 1735 1758 1759 1766 1767 1775 1791 1809 1836 1841 1845 1855 1858 1872 1877 1878 1916 1922 1933 1959 1976 1984 1985 1991 2016 2034 2048 2052 2073 2093 2103 2113 2116 2118 2132 2133 2140 2162 2167 2189 2198 2203 2204 2211 2216 2223 2236 2237 2242 2244 2254 2255 2267 2273 2277 2278 2281 2290 2291 2297 2302 2334 2364 2369 2376 2379 2380 2410 2412 2415 2416 2418 2420 2422 2435 2448 2452 2454 2464 2465 2469 2473 2481 2494 2505 2509 2514 2555 2557 2563 2586 2592 2593 2595 2605 2609 2612 2621 2624 2631 2634 2648 2650 2697 2698 2707 2743 2757 2758 2775 2783 2794 2812 2814 2815 2816 2834 2859 2866 2867 2884 2888 2899 2902 2934 2936 2945 2954 2966 2978 2994 2998 3012 3017 3034 3039 3053 3060 3062 3072 3090 3112 3113 3115 3128 3145 3152 3171 3174 3176 3187 3190 3202 3216 3241 3251 3259 3260 3276 3278 3286 3287 3292 3294 3297 3306 3314 3328 3331 3335 3344 3347 3355 3357 3361 3378 3379 3407 3414 3421 3428 3438 3439 3444 3457 3462 3464 3468 3473 3485 3492 3494 3516 3531 3540 3545 3553 3584 3595 3597 3612 3625 3627 3656 3665 3675 3679 3680 3699 3727 3730 3743 3765 3777 3840 3857 3887 3905 3920 3921 3946 3953 3962 3964 3966 3978 3985 3994 4035 4054 4058 4083 4096 4099 4105 4106 4116 4119 4127 4141 4147 4154 4156 4157 4171 4179 4184 4211 4216 4223 4228 4236 4259 4285 4292 4293 4308 4318 4345 4350 4361 4366 4367 4377 4383 4399 4424 4430 4435 4438 4455 4458 4473 4475 4481 4509 4510 4513 4529 4540 4546 4555 4562 4563 4569 4579 4603 4604 4618 4650 4664 4676 4696 4697 4707 4715 4734 4738 4775 4778 4780 4788 4791 4834 4844 4897 4900 4904 4906 4912 4917 4925 4942 4943 4960 4985 4987 4995 4999 5029 5051 5072 5078 5085 5090 5102 5140 5193 5199 5200 5208 5212 5225 5231 5270 5291 5302 5304 5317 5334 5343 5356 5357 5359 5383 5384 5386 5388 5392 5403 5410 5420 5428 5436 5441 5443 5449 5465 5466 5480 5531 5532 5542 5549 5554 5560 5564 5566 5577 5578 5582 5585 5587 5601 5609 5611 5618 5631
predicted is: 4, ref is 1 
fileId is:    '/home/w328li/MLDSP-desktop/samples/order_const_factor_multifrag_4/o__Acetobacterales/RS_GCF_000378165.1.fasta'

predicted is: 12, ref is 4 
fileId is:    '/home/w328li/MLDSP-desktop/samples/order_const_factor_multifrag_4/o__Burkholderiales/RS_GCF_000743945.1.fasta'

predicted is: 6, ref is 7 
fileId is:    '/home/w328li/MLDSP-desktop/samples/order_const_factor_multifrag_4/o__Chromatiales/RS_GCF_000828615.1.fasta'

predicted is: 4, ref is 9 
fileId is:    '/home/w328li/MLDSP-desktop/samples/order_const_factor_multifrag_4/o__Ectothiorhodospirales/RS_GCF_000227685.2.fasta'

predicted is: 4, ref is 9 
fileId is:    '/home/w328li/MLDSP-desktop/samples/order_const_factor_multifrag_4/o__Ectothiorhodospirales/RS_GCF_000321415.2.fasta'

predicted is: 11, ref is 10 
fileId is:    '/home/w328li/MLDSP-desktop/samples/order_const_factor_multifrag_4/o__Erysipelotrichales/GB_GCA_000165065.1.fasta'

predicted is: 15, ref is 10 
fileId is:    '/home/w328li/MLDSP-desktop/samples/order_const_factor_multifrag_4/o__Erysipelotrichales/RS_GCF_000371425.1.fasta'

predicted is: 8, ref is 11 
fileId is:    '/home/w328li/MLDSP-desktop/samples/order_const_factor_multifrag_4/o__Lachnospirales/GB_GCA_002007285.1.fasta'

predicted is: 16, ref is 11 
fileId is:    '/home/w328li/MLDSP-desktop/samples/order_const_factor_multifrag_4/o__Lachnospirales/GB_GCA_900313535.1.fasta'

predicted is: 4, ref is 12 
fileId is:    '/home/w328li/MLDSP-desktop/samples/order_const_factor_multifrag_4/o__Lactobacillales/RS_GCF_001436225.1.fasta'

predicted is: 11, ref is 16 
fileId is:    '/home/w328li/MLDSP-desktop/samples/order_const_factor_multifrag_4/o__Peptostreptococcales/GB_GCA_002455605.1.fasta'

predicted is: 11, ref is 16 
fileId is:    '/home/w328li/MLDSP-desktop/samples/order_const_factor_multifrag_4/o__Peptostreptococcales/GB_GCA_003542355.1.fasta'

predicted is: 11, ref is 16 
fileId is:    '/home/w328li/MLDSP-desktop/samples/order_const_factor_multifrag_4/o__Peptostreptococcales/GB_GCA_900318105.1.fasta'

predicted is: 11, ref is 16 
fileId is:    '/home/w328li/MLDSP-desktop/samples/order_const_factor_multifrag_4/o__Peptostreptococcales/RS_GCF_000147675.1.fasta'

predicted is: 17, ref is 16 
fileId is:    '/home/w328li/MLDSP-desktop/samples/order_const_factor_multifrag_4/o__Peptostreptococcales/RS_GCF_001282725.1.fasta'

predicted is: 16, ref is 17 
fileId is:    '/home/w328li/MLDSP-desktop/samples/order_const_factor_multifrag_4/o__Tissierellales/GB_GCA_002332905.1.fasta'

predicted is: 16, ref is 17 
fileId is:    '/home/w328li/MLDSP-desktop/samples/order_const_factor_multifrag_4/o__Tissierellales/RS_GCF_001730685.1.fasta'

(1,3):1
(6,15):2
(6,16):1
(7,4):4
(8,16):1
(10,11):1
(11,17):1
(13,4):1
(15,10):1
(16,17):2
(17,16):2
testInd = 34 50 69 73 100 101 103 107 111 114 122 154 157 159 160 166 180 181 197 198 207 248 265 283 294 302 311 321 343 349 363 365 367 371 379 387 407 414 416 422 439 465 499 500 501 506 510 515 520 528 540 541 544 559 566 569 580 581 582 589 592 598 603 610 621 634 645 656 668 680 685 690 694 697 700 715 717 722 737 751 770 776 789 790 796 809 811 819 822 849 860 872 877 884 887 889 890 897 905 911 916 931 946 971 973 975 980 986 995 1028 1029 1030 1037 1046 1059 1069 1084 1089 1092 1095 1109 1113 1140 1152 1155 1163 1185 1197 1207 1238 1242 1246 1252 1271 1295 1299 1318 1333 1351 1359 1385 1387 1389 1390 1399 1409 1413 1416 1445 1465 1475 1490 1506 1512 1518 1519 1527 1528 1530 1532 1549 1559 1565 1587 1589 1593 1615 1622 1626 1632 1658 1660 1673 1680 1684 1688 1690 1704 1716 1720 1728 1738 1749 1752 1754 1774 1790 1798 1812 1822 1832 1838 1849 1866 1882 1900 1904 1905 1908 1923 1942 1943 1954 1970 1983 2050 2053 2056 2081 2082 2092 2108 2115 2141 2145 2175 2185 2212 2221 2225 2232 2233 2241 2250 2251 2252 2263 2287 2292 2315 2342 2348 2358 2366 2392 2403 2432 2433 2441 2442 2468 2497 2508 2511 2531 2543 2556 2560 2566 2572 2573 2604 2611 2627 2642 2664 2690 2694 2706 2720 2739 2740 2796 2800 2808 2809 2810 2825 2833 2838 2847 2853 2857 2871 2874 2894 2895 2906 2915 2921 2926 2930 2940 2952 2956 2961 2980 2983 2991 3002 3008 3014 3029 3048 3054 3065 3075 3076 3081 3082 3084 3088 3093 3101 3106 3109 3120 3124 3126 3148 3182 3196 3215 3222 3227 3235 3237 3242 3267 3269 3303 3340 3345 3349 3350 3353 3356 3371 3384 3406 3408 3435 3441 3454 3477 3479 3481 3490 3496 3507 3514 3523 3525 3530 3537 3544 3547 3549 3550 3561 3562 3590 3611 3616 3618 3623 3626 3643 3652 3681 3684 3690 3704 3720 3721 3766 3775 3793 3800 3805 3819 3833 3841 3844 3856 3862 3867 3890 3899 3900 3923 3930 3944 3980 3981 3999 4010 4011 4013 4016 4017 4019 4020 4024 4028 4040 4050 4052 4088 4090 4102 4104 4144 4148 4155 4161 4174 4176 4187 4190 4199 4201 4203 4218 4230 4235 4237 4240 4243 4254 4280 4282 4283 4286 4289 4290 4296 4302 4304 4306 4322 4323 4335 4342 4347 4355 4359 4369 4370 4385 4393 4410 4417 4419 4423 4428 4432 4437 4446 4456 4471 4478 4485 4493 4495 4551 4565 4566 4567 4576 4597 4598 4610 4619 4639 4654 4661 4669 4671 4673 4681 4692 4693 4705 4736 4749 4761 4762 4763 4770 4789 4821 4823 4826 4828 4835 4839 4842 4886 4899 4907 4926 4937 4940 4944 4953 4968 4972 4978 4997 5026 5027 5031 5052 5055 5065 5066 5069 5070 5103 5106 5114 5137 5142 5144 5155 5167 5168 5190 5196 5202 5243 5261 5267 5273 5278 5283 5293 5316 5328 5342 5346 5354 5360 5362 5366 5379 5387 5390 5391 5429 5430 5433 5457 5458 5461 5467 5473 5504 5514 5524 5533 5550 5558 5561 5571 5584 5589 5592 5597 5613 5619 5632 5637 5639
predicted is: 3, ref is 1 
fileId is:    '/home/w328li/MLDSP-desktop/samples/order_const_factor_multifrag_4/o__Acetobacterales/RS_GCF_003202795.1.fasta'

predicted is: 15, ref is 6 
fileId is:    '/home/w328li/MLDSP-desktop/samples/order_const_factor_multifrag_4/o__Christensenellales/GB_GCA_002309375.1.fasta'

predicted is: 15, ref is 6 
fileId is:    '/home/w328li/MLDSP-desktop/samples/order_const_factor_multifrag_4/o__Christensenellales/GB_GCA_002395225.1.fasta'

predicted is: 16, ref is 6 
fileId is:    '/home/w328li/MLDSP-desktop/samples/order_const_factor_multifrag_4/o__Christensenellales/RS_GCF_000981035.1.fasta'

predicted is: 4, ref is 7 
fileId is:    '/home/w328li/MLDSP-desktop/samples/order_const_factor_multifrag_4/o__Chromatiales/GB_GCA_001044195.1.fasta'

predicted is: 4, ref is 7 
fileId is:    '/home/w328li/MLDSP-desktop/samples/order_const_factor_multifrag_4/o__Chromatiales/GB_GCA_001276605.1.fasta'

predicted is: 4, ref is 7 
fileId is:    '/home/w328li/MLDSP-desktop/samples/order_const_factor_multifrag_4/o__Chromatiales/RS_GCF_000787395.1.fasta'

predicted is: 4, ref is 7 
fileId is:    '/home/w328li/MLDSP-desktop/samples/order_const_factor_multifrag_4/o__Chromatiales/RS_GCF_002021095.1.fasta'

predicted is: 16, ref is 8 
fileId is:    '/home/w328li/MLDSP-desktop/samples/order_const_factor_multifrag_4/o__Clostridiales/GB_GCA_003510765.1.fasta'

predicted is: 11, ref is 10 
fileId is:    '/home/w328li/MLDSP-desktop/samples/order_const_factor_multifrag_4/o__Erysipelotrichales/RS_GCF_001564455.1.fasta'

predicted is: 17, ref is 11 
fileId is:    '/home/w328li/MLDSP-desktop/samples/order_const_factor_multifrag_4/o__Lachnospirales/GB_GCA_002350625.1.fasta'

predicted is: 4, ref is 13 
fileId is:    '/home/w328li/MLDSP-desktop/samples/order_const_factor_multifrag_4/o__Mycobacteriales/RS_GCF_000428805.1.fasta'

predicted is: 10, ref is 15 
fileId is:    '/home/w328li/MLDSP-desktop/samples/order_const_factor_multifrag_4/o__Oscillospirales/GB_GCA_900314705.1.fasta'

predicted is: 17, ref is 16 
fileId is:    '/home/w328li/MLDSP-desktop/samples/order_const_factor_multifrag_4/o__Peptostreptococcales/RS_GCF_000426305.1.fasta'

predicted is: 17, ref is 16 
fileId is:    '/home/w328li/MLDSP-desktop/samples/order_const_factor_multifrag_4/o__Peptostreptococcales/RS_GCF_000758885.1.fasta'

predicted is: 16, ref is 17 
fileId is:    '/home/w328li/MLDSP-desktop/samples/order_const_factor_multifrag_4/o__Tissierellales/RS_GCF_000387765.1.fasta'

predicted is: 16, ref is 17 
fileId is:    '/home/w328li/MLDSP-desktop/samples/order_const_factor_multifrag_4/o__Tissierellales/RS_GCF_002266425.1.fasta'

(6,15):1
(7,4):2
(9,4):3
(10,16):1
(11,15):1
(11,16):1
(15,11):1
(15,16):1
(16,11):1
(16,17):2
(17,8):1
(17,15):1
(17,16):1
testInd = 8 9 25 47 60 78 90 98 102 108 109 120 121 134 146 155 161 187 216 226 234 241 247 253 256 271 278 282 287 304 316 322 325 333 342 350 355 382 389 402 406 418 428 434 448 456 463 468 474 486 487 514 516 517 548 555 558 560 564 583 627 630 637 640 648 676 711 723 730 736 738 743 753 782 783 791 795 798 837 841 846 893 919 920 921 933 957 958 972 1003 1020 1025 1039 1049 1057 1062 1067 1096 1127 1132 1142 1181 1208 1211 1218 1231 1240 1262 1263 1276 1286 1287 1288 1298 1311 1324 1336 1364 1365 1371 1374 1379 1411 1415 1442 1452 1453 1454 1458 1467 1471 1476 1505 1510 1534 1604 1614 1628 1637 1644 1645 1654 1661 1681 1682 1685 1700 1708 1737 1763 1772 1779 1782 1783 1797 1802 1803 1807 1818 1826 1844 1850 1889 1896 1913 1917 1918 1946 1957 1960 1966 1971 1981 1989 1994 1995 2004 2018 2021 2041 2043 2046 2047 2061 2064 2074 2076 2090 2095 2097 2098 2099 2127 2131 2146 2147 2148 2158 2173 2176 2177 2181 2194 2197 2207 2209 2230 2238 2240 2249 2256 2264 2270 2286 2309 2324 2325 2331 2344 2355 2373 2378 2381 2388 2395 2396 2397 2413 2417 2423 2429 2436 2447 2470 2472 2477 2487 2500 2507 2532 2537 2540 2542 2564 2574 2576 2578 2582 2602 2610 2617 2632 2643 2667 2675 2677 2681 2693 2699 2701 2702 2715 2719 2721 2727 2728 2737 2755 2759 2763 2764 2766 2767 2787 2803 2807 2830 2831 2839 2840 2845 2849 2872 2887 2891 2896 2938 2972 3019 3028 3035 3041 3044 3046 3047 3063 3064 3073 3091 3107 3116 3125 3129 3146 3150 3151 3153 3155 3158 3163 3173 3179 3183 3195 3207 3238 3250 3255 3263 3272 3284 3290 3291 3298 3300 3321 3336 3366 3370 3373 3375 3385 3386 3400 3401 3402 3403 3415 3420 3422 3427 3443 3448 3455 3474 3476 3489 3502 3504 3511 3513 3536 3539 3542 3569 3570 3577 3596 3617 3629 3630 3633 3639 3641 3642 3658 3663 3666 3668 3672 3687 3692 3705 3710 3711 3717 3719 3737 3742 3755 3756 3757 3764 3780 3782 3789 3804 3808 3811 3814 3815 3816 3824 3827 3829 3835 3854 3882 3904 3911 3950 3951 3957 3968 3972 3976 4001 4003 4014 4022 4025 4026 4033 4037 4038 4041 4061 4076 4080 4087 4089 4112 4163 4165 4166 4185 4192 4197 4202 4209 4215 4219 4231 4238 4242 4246 4253 4257 4276 4277 4303 4311 4312 4313 4315 4332 4358 4372 4376 4412 4422 4429 4434 4453 4463 4477 4490 4492 4528 4543 4558 4561 4572 4584 4587 4594 4596 4601 4606 4607 4609 4642 4656 4686 4694 4698 4701 4724 4748 4750 4755 4759 4766 4776 4783 4799 4800 4807 4830 4833 4837 4852 4854 4864 4866 4910 4911 4919 4920 4927 4963 4966 4970 4983 4992 4998 5018 5040 5045 5063 5064 5068 5077 5086 5092 5118 5135 5141 5145 5162 5181 5182 5198 5210 5218 5220 5226 5228 5234 5239 5245 5252 5263 5287 5295 5300 5305 5340 5369 5385 5409 5432 5448 5463 5474 5478 5481 5482 5491 5496 5499 5505 5519 5523 5525 5526 5568 5573 5575 5602 5607 5610 5614 5624 5625
predicted is: 15, ref is 6 
fileId is:    '/home/w328li/MLDSP-desktop/samples/order_const_factor_multifrag_4/o__Christensenellales/GB_GCA_003150515.1.fasta'

predicted is: 4, ref is 7 
fileId is:    '/home/w328li/MLDSP-desktop/samples/order_const_factor_multifrag_4/o__Chromatiales/RS_GCF_001469165.1.fasta'

predicted is: 4, ref is 7 
fileId is:    '/home/w328li/MLDSP-desktop/samples/order_const_factor_multifrag_4/o__Chromatiales/RS_GCF_002813775.1.fasta'

predicted is: 4, ref is 9 
fileId is:    '/home/w328li/MLDSP-desktop/samples/order_const_factor_multifrag_4/o__Ectothiorhodospirales/RS_GCF_000227725.1.fasta'

predicted is: 4, ref is 9 
fileId is:    '/home/w328li/MLDSP-desktop/samples/order_const_factor_multifrag_4/o__Ectothiorhodospirales/RS_GCF_000754095.2.fasta'

predicted is: 4, ref is 9 
fileId is:    '/home/w328li/MLDSP-desktop/samples/order_const_factor_multifrag_4/o__Ectothiorhodospirales/RS_GCF_900156225.1.fasta'

predicted is: 16, ref is 10 
fileId is:    '/home/w328li/MLDSP-desktop/samples/order_const_factor_multifrag_4/o__Erysipelotrichales/GB_GCA_003520745.1.fasta'

predicted is: 16, ref is 11 
fileId is:    '/home/w328li/MLDSP-desktop/samples/order_const_factor_multifrag_4/o__Lachnospirales/GB_GCA_001797255.1.fasta'

predicted is: 15, ref is 11 
fileId is:    '/home/w328li/MLDSP-desktop/samples/order_const_factor_multifrag_4/o__Lachnospirales/GB_GCA_002372875.1.fasta'

predicted is: 11, ref is 15 
fileId is:    '/home/w328li/MLDSP-desktop/samples/order_const_factor_multifrag_4/o__Oscillospirales/GB_GCA_002309175.1.fasta'

predicted is: 16, ref is 15 
fileId is:    '/home/w328li/MLDSP-desktop/samples/order_const_factor_multifrag_4/o__Oscillospirales/RS_GCF_000620945.1.fasta'

predicted is: 17, ref is 16 
fileId is:    '/home/w328li/MLDSP-desktop/samples/order_const_factor_multifrag_4/o__Peptostreptococcales/RS_GCF_000146855.1.fasta'

predicted is: 17, ref is 16 
fileId is:    '/home/w328li/MLDSP-desktop/samples/order_const_factor_multifrag_4/o__Peptostreptococcales/RS_GCF_900101495.1.fasta'

predicted is: 11, ref is 16 
fileId is:    '/home/w328li/MLDSP-desktop/samples/order_const_factor_multifrag_4/o__Peptostreptococcales/RS_GCF_900107405.1.fasta'

predicted is: 16, ref is 17 
fileId is:    '/home/w328li/MLDSP-desktop/samples/order_const_factor_multifrag_4/o__Tissierellales/GB_GCA_001509345.1.fasta'

predicted is: 8, ref is 17 
fileId is:    '/home/w328li/MLDSP-desktop/samples/order_const_factor_multifrag_4/o__Tissierellales/RS_GCF_000299355.1.fasta'

predicted is: 15, ref is 17 
fileId is:    '/home/w328li/MLDSP-desktop/samples/order_const_factor_multifrag_4/o__Tissierellales/RS_GCF_001855385.1.fasta'

(1,5):1
(3,12):1
(6,15):1
(8,16):1
(11,17):1
(13,4):1
(15,6):1
(15,11):2
(16,11):2
(17,16):2
testInd = 1 12 23 28 29 54 56 59 61 64 71 75 84 85 106 112 116 135 136 153 156 163 169 191 210 212 213 217 222 230 237 258 268 270 280 298 313 330 338 341 361 368 369 395 396 403 417 430 460 472 476 477 493 502 503 512 537 550 576 586 597 611 617 618 624 639 653 654 661 663 665 678 687 696 705 752 760 761 771 785 793 794 808 814 839 861 869 895 901 902 922 936 939 943 948 953 968 974 983 1000 1005 1007 1008 1011 1013 1021 1023 1035 1044 1052 1058 1061 1063 1072 1077 1097 1124 1128 1145 1151 1153 1172 1177 1196 1202 1209 1210 1214 1217 1222 1266 1272 1275 1283 1297 1303 1337 1338 1341 1343 1347 1354 1363 1366 1369 1370 1382 1397 1412 1426 1433 1436 1438 1461 1462 1468 1469 1487 1496 1500 1504 1513 1522 1535 1547 1557 1560 1561 1573 1592 1607 1611 1623 1636 1638 1651 1665 1671 1672 1678 1692 1702 1706 1717 1722 1726 1730 1736 1745 1757 1792 1793 1810 1811 1813 1815 1817 1819 1867 1869 1870 1873 1891 1901 1907 1910 1911 1912 1915 1924 1937 1941 1950 1955 1963 1972 1979 1988 1990 1992 1999 2007 2009 2014 2019 2031 2040 2070 2077 2089 2101 2105 2112 2122 2126 2128 2130 2142 2165 2188 2199 2219 2226 2234 2239 2245 2271 2280 2299 2326 2333 2343 2361 2384 2393 2419 2428 2483 2484 2513 2519 2520 2521 2522 2546 2548 2569 2577 2587 2589 2591 2607 2622 2635 2636 2644 2651 2654 2663 2671 2687 2700 2738 2745 2747 2748 2765 2778 2780 2784 2785 2786 2792 2819 2823 2837 2842 2850 2856 2863 2865 2876 2879 2886 2889 2908 2913 2917 2923 2925 2935 2944 2950 2959 2960 3024 3032 3050 3057 3058 3086 3108 3110 3137 3147 3180 3185 3200 3203 3205 3224 3230 3231 3240 3246 3265 3273 3280 3295 3301 3307 3311 3312 3316 3322 3333 3359 3360 3363 3374 3389 3391 3445 3458 3463 3470 3486 3521 3526 3567 3573 3581 3582 3640 3648 3686 3697 3734 3746 3748 3750 3758 3759 3768 3798 3801 3813 3831 3838 3847 3848 3851 3858 3861 3868 3875 3898 3909 3932 3958 3959 3960 3982 3987 3990 3993 3995 4004 4007 4039 4066 4074 4075 4082 4091 4093 4103 4113 4120 4139 4146 4164 4172 4182 4189 4194 4196 4204 4213 4214 4232 4262 4263 4264 4281 4301 4316 4346 4351 4353 4364 4365 4384 4397 4406 4408 4441 4444 4462 4488 4515 4519 4521 4527 4582 4592 4595 4621 4630 4631 4635 4636 4645 4648 4653 4668 4675 4683 4684 4699 4708 4709 4711 4712 4713 4744 4745 4769 4777 4795 4796 4798 4804 4808 4814 4825 4838 4845 4857 4869 4873 4874 4879 4884 4890 4905 4916 4918 4934 4936 4950 4951 4952 4965 4973 4976 4977 4981 4988 5012 5022 5030 5033 5046 5049 5073 5079 5083 5100 5109 5112 5159 5161 5169 5170 5174 5197 5219 5221 5229 5230 5250 5255 5264 5275 5281 5282 5285 5286 5292 5298 5306 5318 5321 5327 5336 5338 5339 5353 5364 5368 5374 5377 5382 5417 5419 5488 5493 5506 5508 5510 5512 5516 5547 5569 5570 5574 5579 5590 5599 5605 5628 5634 5636 5638
predicted is: 5, ref is 1 
fileId is:    '/home/w328li/MLDSP-desktop/samples/order_const_factor_multifrag_4/o__Acetobacterales/GB_GCA_000759655.1.fasta'

predicted is: 12, ref is 3 
fileId is:    '/home/w328li/MLDSP-desktop/samples/order_const_factor_multifrag_4/o__Bacillales/RS_GCF_000377985.1.fasta'

predicted is: 15, ref is 6 
fileId is:    '/home/w328li/MLDSP-desktop/samples/order_const_factor_multifrag_4/o__Christensenellales/GB_GCA_002411105.1.fasta'

predicted is: 16, ref is 8 
fileId is:    '/home/w328li/MLDSP-desktop/samples/order_const_factor_multifrag_4/o__Clostridiales/GB_GCA_002426575.1.fasta'

predicted is: 17, ref is 11 
fileId is:    '/home/w328li/MLDSP-desktop/samples/order_const_factor_multifrag_4/o__Lachnospirales/GB_GCA_002007295.1.fasta'

predicted is: 4, ref is 13 
fileId is:    '/home/w328li/MLDSP-desktop/samples/order_const_factor_multifrag_4/o__Mycobacteriales/RS_GCF_000379705.1.fasta'

predicted is: 11, ref is 15 
fileId is:    '/home/w328li/MLDSP-desktop/samples/order_const_factor_multifrag_4/o__Oscillospirales/GB_GCA_002314645.1.fasta'

predicted is: 11, ref is 15 
fileId is:    '/home/w328li/MLDSP-desktop/samples/order_const_factor_multifrag_4/o__Oscillospirales/RS_GCF_000210095.1.fasta'

predicted is: 6, ref is 15 
fileId is:    '/home/w328li/MLDSP-desktop/samples/order_const_factor_multifrag_4/o__Oscillospirales/RS_GCF_900155735.1.fasta'

predicted is: 11, ref is 16 
fileId is:    '/home/w328li/MLDSP-desktop/samples/order_const_factor_multifrag_4/o__Peptostreptococcales/GB_GCA_002439735.1.fasta'

predicted is: 11, ref is 16 
fileId is:    '/home/w328li/MLDSP-desktop/samples/order_const_factor_multifrag_4/o__Peptostreptococcales/RS_GCF_900112915.1.fasta'

predicted is: 16, ref is 17 
fileId is:    '/home/w328li/MLDSP-desktop/samples/order_const_factor_multifrag_4/o__Tissierellales/RS_GCF_000620125.1.fasta'

predicted is: 16, ref is 17 
fileId is:    '/home/w328li/MLDSP-desktop/samples/order_const_factor_multifrag_4/o__Tissierellales/RS_GCF_900142005.1.fasta'

(6,11):1
(6,15):1
(8,11):2
(10,12):1
(11,8):1
(11,15):1
(11,16):1
(14,10):1
(16,11):3
(16,15):1
(16,17):1
testInd = 3 6 20 22 37 44 83 92 94 119 126 129 133 141 144 145 195 200 208 225 273 274 276 277 284 292 299 317 324 328 329 374 376 377 388 419 421 429 432 433 437 438 440 445 450 458 471 483 490 505 507 525 552 554 561 563 571 578 587 599 606 607 608 620 623 626 632 641 688 689 701 718 719 727 757 759 767 769 784 799 804 805 836 848 857 859 867 871 873 904 908 918 923 945 965 976 1004 1009 1014 1032 1033 1041 1056 1060 1090 1101 1106 1170 1179 1188 1191 1212 1241 1249 1250 1253 1255 1257 1277 1282 1290 1292 1321 1331 1340 1350 1355 1367 1401 1402 1427 1434 1449 1460 1463 1466 1478 1479 1481 1483 1484 1486 1489 1498 1499 1501 1556 1568 1577 1580 1597 1606 1613 1617 1641 1662 1666 1668 1683 1693 1697 1703 1727 1751 1756 1764 1768 1777 1786 1787 1805 1814 1828 1837 1842 1848 1856 1883 1893 1898 1914 1927 1932 1936 1945 1947 1952 1962 1974 1982 1993 2001 2003 2030 2035 2054 2057 2059 2062 2078 2091 2121 2139 2144 2154 2156 2160 2170 2180 2183 2186 2191 2220 2222 2247 2272 2275 2283 2294 2303 2312 2319 2321 2337 2349 2353 2365 2371 2375 2377 2400 2421 2445 2467 2471 2474 2486 2496 2503 2523 2526 2559 2561 2562 2565 2567 2596 2623 2633 2656 2658 2661 2668 2670 2672 2676 2695 2713 2714 2723 2746 2768 2770 2773 2797 2802 2826 2836 2841 2843 2860 2862 2870 2883 2892 2897 2910 2912 2916 2933 2947 2955 2971 2975 2981 2984 2987 2993 3000 3005 3009 3016 3018 3069 3085 3094 3102 3130 3189 3210 3211 3214 3218 3220 3243 3249 3252 3254 3257 3261 3264 3279 3281 3285 3309 3323 3329 3337 3343 3372 3388 3390 3393 3395 3405 3423 3425 3430 3449 3450 3451 3453 3467 3483 3495 3497 3505 3527 3571 3575 3600 3622 3631 3649 3651 3657 3659 3660 3683 3700 3713 3726 3745 3752 3754 3760 3761 3769 3771 3778 3787 3820 3834 3855 3876 3880 3896 3906 3907 3908 3927 3928 3936 3939 3952 3955 3967 3971 3984 4008 4012 4021 4023 4032 4042 4043 4051 4053 4056 4063 4073 4094 4097 4101 4114 4123 4124 4125 4126 4128 4132 4135 4138 4143 4149 4173 4175 4181 4217 4226 4234 4239 4250 4255 4265 4272 4279 4294 4298 4305 4314 4319 4324 4326 4331 4354 4368 4374 4381 4386 4387 4395 4400 4404 4421 4426 4443 4457 4461 4470 4482 4489 4497 4498 4499 4505 4506 4508 4516 4520 4533 4535 4538 4550 4557 4570 4571 4575 4577 4583 4593 4622 4627 4632 4634 4643 4665 4666 4672 4679 4702 4714 4716 4728 4756 4757 4765 4767 4768 4781 4784 4787 4824 4832 4846 4850 4851 4856 4863 4871 4922 4938 4948 4967 4969 4975 4982 4990 5003 5004 5005 5013 5015 5048 5054 5062 5082 5093 5097 5119 5122 5146 5147 5149 5156 5175 5176 5179 5184 5189 5222 5227 5248 5253 5269 5276 5279 5288 5290 5299 5307 5314 5322 5331 5347 5349 5350 5365 5371 5393 5398 5407 5425 5427 5435 5438 5444 5451 5460 5492 5494 5498 5528 5537 5538 5543 5565 5593 5615 5616 5621 5623 5627 5635 5644
predicted is: 15, ref is 6 
fileId is:    '/home/w328li/MLDSP-desktop/samples/order_const_factor_multifrag_4/o__Christensenellales/GB_GCA_001940845.1.fasta'

predicted is: 11, ref is 6 
fileId is:    '/home/w328li/MLDSP-desktop/samples/order_const_factor_multifrag_4/o__Christensenellales/GB_GCA_900321295.1.fasta'

predicted is: 11, ref is 8 
fileId is:    '/home/w328li/MLDSP-desktop/samples/order_const_factor_multifrag_4/o__Clostridiales/GB_GCA_002298915.1.fasta'

predicted is: 11, ref is 8 
fileId is:    '/home/w328li/MLDSP-desktop/samples/order_const_factor_multifrag_4/o__Clostridiales/RS_GCF_002838815.1.fasta'

predicted is: 12, ref is 10 
fileId is:    '/home/w328li/MLDSP-desktop/samples/order_const_factor_multifrag_4/o__Erysipelotrichales/RS_GCF_000384195.1.fasta'

predicted is: 15, ref is 11 
fileId is:    '/home/w328li/MLDSP-desktop/samples/order_const_factor_multifrag_4/o__Lachnospirales/GB_GCA_000436415.1.fasta'

predicted is: 8, ref is 11 
fileId is:    '/home/w328li/MLDSP-desktop/samples/order_const_factor_multifrag_4/o__Lachnospirales/GB_GCA_002381865.1.fasta'

predicted is: 16, ref is 11 
fileId is:    '/home/w328li/MLDSP-desktop/samples/order_const_factor_multifrag_4/o__Lachnospirales/RS_GCF_000160115.1.fasta'

predicted is: 10, ref is 14 
fileId is:    '/home/w328li/MLDSP-desktop/samples/order_const_factor_multifrag_4/o__Mycoplasmatales/RS_GCF_001272835.1.fasta'

predicted is: 11, ref is 16 
fileId is:    '/home/w328li/MLDSP-desktop/samples/order_const_factor_multifrag_4/o__Peptostreptococcales/GB_GCA_000435615.1.fasta'

predicted is: 17, ref is 16 
fileId is:    '/home/w328li/MLDSP-desktop/samples/order_const_factor_multifrag_4/o__Peptostreptococcales/GB_GCA_002869095.1.fasta'

predicted is: 11, ref is 16 
fileId is:    '/home/w328li/MLDSP-desktop/samples/order_const_factor_multifrag_4/o__Peptostreptococcales/GB_GCA_900315125.1.fasta'

predicted is: 15, ref is 16 
fileId is:    '/home/w328li/MLDSP-desktop/samples/order_const_factor_multifrag_4/o__Peptostreptococcales/GB_GCA_900321625.1.fasta'

predicted is: 11, ref is 16 
fileId is:    '/home/w328li/MLDSP-desktop/samples/order_const_factor_multifrag_4/o__Peptostreptococcales/RS_GCF_900100845.1.fasta'

(1,12):1
(5,4):1
(6,15):1
(7,4):1
(9,4):2
(10,11):1
(15,11):2
(15,12):1
(16,11):2
(16,17):2
(17,11):1
testInd = 21 24 27 55 68 79 87 91 128 142 170 182 183 215 219 221 236 250 266 281 300 301 303 309 310 319 334 358 373 401 411 426 427 441 443 444 475 488 489 494 497 521 524 530 531 532 535 536 546 565 574 584 585 613 644 646 649 650 657 664 667 677 682 693 716 725 728 732 750 766 774 775 778 792 818 833 835 844 847 854 862 865 868 878 880 882 898 907 913 914 924 925 932 937 949 967 969 1015 1019 1024 1047 1053 1071 1074 1087 1088 1098 1099 1100 1110 1115 1117 1121 1125 1137 1139 1149 1164 1165 1171 1174 1175 1183 1186 1190 1227 1234 1243 1274 1279 1293 1296 1302 1330 1342 1352 1373 1381 1391 1417 1421 1430 1437 1450 1455 1457 1470 1492 1508 1515 1521 1523 1525 1536 1544 1550 1554 1555 1563 1572 1579 1588 1598 1599 1600 1603 1621 1629 1634 1640 1642 1649 1676 1679 1699 1707 1719 1742 1750 1753 1755 1760 1770 1785 1789 1800 1816 1823 1824 1825 1833 1853 1857 1879 1885 1887 1895 1897 1903 1906 1909 1925 1938 1944 1958 1986 1996 1997 2011 2024 2026 2044 2066 2071 2072 2085 2096 2102 2109 2110 2125 2151 2159 2196 2218 2227 2228 2265 2296 2318 2340 2351 2354 2363 2382 2406 2408 2424 2427 2438 2440 2458 2459 2490 2491 2504 2512 2528 2539 2558 2570 2571 2575 2590 2598 2599 2603 2625 2638 2639 2640 2645 2649 2660 2680 2685 2688 2691 2696 2711 2712 2725 2731 2733 2735 2744 2753 2754 2756 2782 2789 2790 2817 2821 2822 2846 2861 2878 2890 2893 2903 2911 2918 2919 2941 2957 2982 2997 2999 3001 3010 3026 3030 3059 3092 3098 3104 3111 3118 3122 3133 3154 3160 3164 3172 3175 3186 3188 3219 3225 3258 3275 3277 3289 3299 3308 3320 3325 3326 3330 3338 3352 3358 3365 3392 3394 3398 3432 3437 3447 3456 3488 3500 3510 3522 3529 3554 3555 3558 3559 3563 3568 3583 3586 3587 3592 3604 3606 3619 3637 3662 3677 3682 3685 3696 3701 3703 3723 3732 3733 3738 3786 3825 3826 3853 3863 3869 3881 3895 3922 3931 3938 3943 3945 3948 3963 3970 3975 3979 3996 4000 4002 4006 4009 4027 4031 4044 4045 4057 4059 4060 4068 4069 4115 4129 4130 4131 4133 4134 4136 4142 4145 4162 4195 4210 4222 4249 4291 4300 4317 4328 4330 4343 4356 4360 4373 4380 4390 4413 4449 4451 4469 4487 4496 4501 4511 4512 4525 4526 4530 4539 4541 4544 4549 4553 4578 4599 4602 4605 4613 4620 4626 4637 4641 4644 4652 4655 4670 4685 4689 4691 4700 4703 4704 4732 4743 4746 4751 4753 4771 4786 4797 4801 4802 4806 4809 4812 4847 4853 4872 4876 4880 4888 4891 4893 4902 4908 4921 4923 4931 4932 4933 4945 4946 4959 4979 4980 4994 5002 5006 5009 5010 5016 5019 5023 5028 5034 5036 5039 5074 5088 5089 5123 5126 5127 5129 5134 5151 5153 5158 5178 5186 5191 5195 5204 5205 5206 5209 5211 5217 5237 5244 5257 5260 5268 5289 5308 5320 5326 5375 5395 5401 5404 5413 5414 5426 5442 5450 5455 5462 5464 5471 5487 5511 5513 5518 5521 5545 5567 5583 5606 5626 5633 5642 5643
predicted is: 12, ref is 1 
fileId is:    '/home/w328li/MLDSP-desktop/samples/order_const_factor_multifrag_4/o__Acetobacterales/RS_GCF_000231445.1.fasta'

predicted is: 4, ref is 5 
fileId is:    '/home/w328li/MLDSP-desktop/samples/order_const_factor_multifrag_4/o__Caulobacterales/RS_GCF_000378345.1.fasta'

predicted is: 15, ref is 6 
fileId is:    '/home/w328li/MLDSP-desktop/samples/order_const_factor_multifrag_4/o__Christensenellales/GB_GCA_003150225.1.fasta'

predicted is: 4, ref is 7 
fileId is:    '/home/w328li/MLDSP-desktop/samples/order_const_factor_multifrag_4/o__Chromatiales/RS_GCF_002958735.1.fasta'

predicted is: 4, ref is 9 
fileId is:    '/home/w328li/MLDSP-desktop/samples/order_const_factor_multifrag_4/o__Ectothiorhodospirales/RS_GCF_001753165.1.fasta'

predicted is: 4, ref is 9 
fileId is:    '/home/w328li/MLDSP-desktop/samples/order_const_factor_multifrag_4/o__Ectothiorhodospirales/RS_GCF_001975725.1.fasta'

predicted is: 11, ref is 10 
fileId is:    '/home/w328li/MLDSP-desktop/samples/order_const_factor_multifrag_4/o__Erysipelotrichales/RS_GCF_900290205.1.fasta'

predicted is: 11, ref is 15 
fileId is:    '/home/w328li/MLDSP-desktop/samples/order_const_factor_multifrag_4/o__Oscillospirales/GB_GCA_002295325.1.fasta'

predicted is: 12, ref is 15 
fileId is:    '/home/w328li/MLDSP-desktop/samples/order_const_factor_multifrag_4/o__Oscillospirales/GB_GCA_002372375.1.fasta'

predicted is: 11, ref is 15 
fileId is:    '/home/w328li/MLDSP-desktop/samples/order_const_factor_multifrag_4/o__Oscillospirales/GB_GCA_002391625.1.fasta'

predicted is: 11, ref is 16 
fileId is:    '/home/w328li/MLDSP-desktop/samples/order_const_factor_multifrag_4/o__Peptostreptococcales/GB_GCA_002315385.1.fasta'

predicted is: 11, ref is 16 
fileId is:    '/home/w328li/MLDSP-desktop/samples/order_const_factor_multifrag_4/o__Peptostreptococcales/GB_GCA_900318155.1.fasta'

predicted is: 17, ref is 16 
fileId is:    '/home/w328li/MLDSP-desktop/samples/order_const_factor_multifrag_4/o__Peptostreptococcales/RS_GCF_900142285.1.fasta'

predicted is: 17, ref is 16 
fileId is:    '/home/w328li/MLDSP-desktop/samples/order_const_factor_multifrag_4/o__Peptostreptococcales/RS_GCF_900167445.1.fasta'

predicted is: 11, ref is 17 
fileId is:    '/home/w328li/MLDSP-desktop/samples/order_const_factor_multifrag_4/o__Tissierellales/RS_GCF_900120375.1.fasta'

(2,10):1
(5,4):1
(6,15):2
(7,4):1
(8,11):1
(10,12):1
(10,16):1
(11,16):1
(15,12):1
(16,3):1
(16,11):1
(17,8):1
(17,11):1
testInd = 13 18 30 53 67 72 76 88 89 97 99 105 110 113 118 124 131 138 139 140 165 168 172 178 179 205 220 232 244 249 255 259 267 289 293 305 323 331 345 352 362 394 404 408 409 410 412 423 453 457 459 469 484 495 526 534 538 545 579 594 600 628 631 643 647 655 659 670 671 714 720 731 749 764 765 777 797 807 820 821 831 850 852 853 866 879 883 886 888 891 910 915 928 934 941 947 956 977 979 982 984 991 1010 1012 1031 1038 1076 1086 1091 1093 1108 1120 1129 1130 1131 1133 1138 1143 1154 1157 1159 1160 1161 1169 1180 1192 1226 1228 1230 1232 1233 1251 1259 1260 1261 1264 1301 1308 1314 1315 1317 1327 1329 1339 1346 1348 1386 1398 1400 1429 1444 1446 1456 1459 1464 1472 1473 1491 1493 1541 1552 1558 1582 1583 1586 1591 1608 1625 1650 1652 1663 1674 1691 1694 1698 1701 1718 1732 1733 1741 1743 1746 1773 1778 1781 1784 1788 1821 1827 1835 1839 1840 1860 1875 1888 1892 1899 1934 1935 1939 1961 1964 1968 1975 1980 1998 2000 2005 2020 2022 2025 2042 2055 2058 2067 2079 2080 2100 2114 2119 2150 2153 2164 2172 2190 2201 2215 2224 2248 2260 2261 2266 2276 2298 2305 2307 2316 2320 2341 2372 2385 2387 2389 2402 2405 2407 2414 2426 2430 2475 2489 2506 2515 2518 2524 2529 2534 2535 2544 2545 2579 2580 2581 2583 2608 2629 2641 2659 2678 2692 2704 2708 2717 2724 2729 2732 2736 2752 2760 2761 2762 2772 2776 2806 2813 2824 2851 2852 2880 2881 2885 2901 2929 2932 2937 2943 2948 2963 2967 2977 2988 2989 3013 3023 3038 3040 3043 3045 3049 3067 3068 3099 3117 3121 3132 3144 3162 3177 3192 3193 3201 3206 3208 3212 3217 3234 3239 3247 3268 3274 3282 3327 3332 3334 3342 3369 3377 3382 3397 3399 3404 3409 3412 3416 3431 3442 3446 3452 3461 3475 3487 3499 3503 3517 3520 3538 3546 3564 3572 3578 3588 3593 3607 3613 3653 3667 3671 3673 3707 3716 3718 3722 3724 3728 3739 3741 3751 3753 3762 3783 3784 3785 3790 3794 3802 3812 3818 3845 3859 3864 3888 3897 3902 3910 3926 3929 3933 3937 3942 3947 3949 3977 3986 3992 3997 4030 4034 4055 4067 4084 4110 4111 4122 4140 4158 4168 4180 4198 4233 4244 4251 4260 4267 4270 4275 4284 4287 4299 4334 4349 4352 4357 4388 4396 4403 4411 4414 4416 4418 4436 4464 4468 4474 4476 4480 4483 4573 4581 4586 4591 4600 4608 4625 4629 4646 4649 4663 4667 4674 4687 4710 4718 4719 4722 4725 4726 4733 4741 4742 4747 4764 4803 4813 4816 4820 4848 4849 4855 4858 4865 4875 4877 4894 4895 4909 4913 4914 4924 4929 4930 4949 4956 4958 4964 4971 4996 5001 5017 5043 5047 5053 5056 5058 5081 5110 5113 5115 5121 5131 5133 5138 5173 5177 5185 5192 5214 5215 5223 5241 5254 5256 5259 5262 5266 5271 5284 5296 5301 5309 5312 5315 5325 5330 5333 5335 5337 5345 5348 5355 5361 5376 5400 5416 5423 5424 5434 5446 5447 5456 5459 5470 5477 5483 5486 5502 5522 5540 5541 5546 5548 5556 5576 5612 5620 5622
predicted is: 10, ref is 2 
fileId is:    '/home/w328li/MLDSP-desktop/samples/order_const_factor_multifrag_4/o__Acholeplasmatales/GB_GCA_002422045.1.fasta'

predicted is: 4, ref is 5 
fileId is:    '/home/w328li/MLDSP-desktop/samples/order_const_factor_multifrag_4/o__Caulobacterales/RS_GCF_000023785.1.fasta'

predicted is: 15, ref is 6 
fileId is:    '/home/w328li/MLDSP-desktop/samples/order_const_factor_multifrag_4/o__Christensenellales/GB_GCA_000435055.1.fasta'

predicted is: 15, ref is 6 
fileId is:    '/home/w328li/MLDSP-desktop/samples/order_const_factor_multifrag_4/o__Christensenellales/GB_GCA_002435915.1.fasta'

predicted is: 4, ref is 7 
fileId is:    '/home/w328li/MLDSP-desktop/samples/order_const_factor_multifrag_4/o__Chromatiales/RS_GCF_002009425.1.fasta'

predicted is: 11, ref is 8 
fileId is:    '/home/w328li/MLDSP-desktop/samples/order_const_factor_multifrag_4/o__Clostridiales/RS_GCF_002029235.1.fasta'

predicted is: 16, ref is 10 
fileId is:    '/home/w328li/MLDSP-desktop/samples/order_const_factor_multifrag_4/o__Erysipelotrichales/GB_GCA_900314905.1.fasta'

predicted is: 12, ref is 10 
fileId is:    '/home/w328li/MLDSP-desktop/samples/order_const_factor_multifrag_4/o__Erysipelotrichales/RS_GCF_001945605.1.fasta'

predicted is: 16, ref is 11 
fileId is:    '/home/w328li/MLDSP-desktop/samples/order_const_factor_multifrag_4/o__Lachnospirales/RS_GCF_003043955.1.fasta'

predicted is: 12, ref is 15 
fileId is:    '/home/w328li/MLDSP-desktop/samples/order_const_factor_multifrag_4/o__Oscillospirales/GB_GCA_000435275.1.fasta'

predicted is: 11, ref is 16 
fileId is:    '/home/w328li/MLDSP-desktop/samples/order_const_factor_multifrag_4/o__Peptostreptococcales/GB_GCA_002733545.1.fasta'

predicted is: 3, ref is 16 
fileId is:    '/home/w328li/MLDSP-desktop/samples/order_const_factor_multifrag_4/o__Peptostreptococcales/RS_GCF_000018325.1.fasta'

predicted is: 11, ref is 17 
fileId is:    '/home/w328li/MLDSP-desktop/samples/order_const_factor_multifrag_4/o__Tissierellales/GB_GCA_002479485.1.fasta'

predicted is: 8, ref is 17 
fileId is:    '/home/w328li/MLDSP-desktop/samples/order_const_factor_multifrag_4/o__Tissierellales/RS_GCF_900107485.1.fasta'

(1,4):1
(5,4):1
(10,3):1
(11,8):1
(11,15):1
(11,16):1
(11,17):1
(14,12):1
(16,11):2
(16,17):1
(17,16):1
testInd = 10 31 33 36 46 48 51 80 96 115 127 132 137 147 150 151 152 186 189 193 203 204 211 214 229 231 233 242 257 269 279 306 308 326 332 340 366 383 385 392 397 415 449 454 455 480 491 511 533 539 542 549 573 590 595 596 625 636 666 692 703 706 707 724 744 746 747 756 763 773 779 780 787 788 812 817 823 829 845 870 875 896 900 930 940 952 962 966 970 978 987 990 992 996 997 1006 1018 1034 1066 1068 1073 1079 1085 1103 1114 1123 1134 1166 1168 1173 1184 1193 1200 1203 1205 1206 1213 1215 1216 1221 1236 1237 1245 1248 1254 1267 1278 1300 1306 1323 1335 1344 1358 1377 1380 1383 1396 1403 1414 1420 1422 1428 1441 1447 1474 1524 1542 1546 1551 1566 1581 1585 1594 1605 1610 1612 1616 1648 1657 1659 1664 1677 1711 1713 1744 1771 1780 1796 1801 1806 1820 1830 1834 1851 1852 1862 1876 1881 1920 1926 1948 1953 1977 2010 2012 2013 2023 2027 2033 2039 2045 2069 2083 2084 2088 2104 2106 2111 2129 2134 2135 2138 2169 2187 2192 2206 2235 2246 2258 2274 2279 2285 2289 2304 2308 2311 2314 2329 2336 2339 2356 2357 2368 2370 2399 2401 2409 2434 2443 2446 2451 2455 2456 2462 2478 2480 2482 2493 2498 2499 2501 2510 2516 2525 2530 2538 2550 2552 2554 2568 2584 2588 2594 2600 2601 2613 2616 2618 2620 2646 2653 2673 2683 2684 2686 2703 2709 2710 2718 2730 2734 2741 2742 2769 2771 2788 2805 2811 2827 2828 2832 2835 2855 2858 2877 2882 2900 2904 2939 2949 2951 2962 2970 2976 2990 2992 3006 3011 3015 3022 3036 3055 3056 3070 3078 3079 3083 3114 3131 3134 3138 3141 3143 3149 3168 3169 3170 3178 3184 3191 3199 3204 3209 3221 3223 3228 3256 3262 3266 3270 3271 3293 3302 3305 3317 3318 3324 3339 3346 3351 3367 3376 3396 3411 3417 3418 3419 3434 3469 3478 3501 3506 3508 3509 3524 3533 3534 3543 3548 3552 3574 3585 3589 3598 3602 3614 3621 3634 3635 3638 3650 3655 3664 3674 3676 3702 3714 3715 3729 3744 3747 3770 3772 3776 3779 3799 3806 3807 3817 3821 3830 3839 3842 3849 3860 3865 3866 3870 3872 3873 3874 3892 3893 3894 3903 3912 3913 3915 3918 3961 3965 3969 3988 4071 4077 4086 4095 4107 4109 4121 4137 4151 4178 4183 4220 4245 4268 4269 4273 4288 4320 4329 4339 4340 4341 4363 4378 4391 4409 4415 4427 4431 4440 4442 4445 4447 4450 4465 4479 4491 4514 4518 4523 4531 4537 4547 4552 4556 4560 4564 4568 4590 4611 4616 4623 4628 4633 4651 4658 4677 4678 4723 4729 4730 4735 4739 4752 4758 4773 4782 4785 4811 4818 4827 4831 4836 4843 4859 4861 4868 4878 4883 4887 4901 4903 4915 4928 4941 4947 4961 4962 4993 5011 5020 5037 5041 5057 5059 5067 5075 5084 5096 5099 5108 5111 5116 5120 5124 5130 5136 5164 5165 5171 5183 5213 5233 5235 5238 5258 5280 5297 5310 5319 5323 5324 5329 5344 5367 5370 5381 5394 5396 5399 5402 5406 5408 5440 5445 5468 5475 5489 5490 5501 5527 5534 5536 5580 5588 5594 5598 5608 5617 5640 5646
predicted is: 4, ref is 1 
fileId is:    '/home/w328li/MLDSP-desktop/samples/order_const_factor_multifrag_4/o__Acetobacterales/RS_GCF_000527695.1.fasta'

predicted is: 4, ref is 5 
fileId is:    '/home/w328li/MLDSP-desktop/samples/order_const_factor_multifrag_4/o__Caulobacterales/GB_GCA_002732905.1.fasta'

predicted is: 3, ref is 10 
fileId is:    '/home/w328li/MLDSP-desktop/samples/order_const_factor_multifrag_4/o__Erysipelotrichales/GB_GCA_002315205.1.fasta'

predicted is: 15, ref is 11 
fileId is:    '/home/w328li/MLDSP-desktop/samples/order_const_factor_multifrag_4/o__Lachnospirales/GB_GCA_002449955.1.fasta'

predicted is: 16, ref is 11 
fileId is:    '/home/w328li/MLDSP-desktop/samples/order_const_factor_multifrag_4/o__Lachnospirales/GB_GCA_900317755.1.fasta'

predicted is: 17, ref is 11 
fileId is:    '/home/w328li/MLDSP-desktop/samples/order_const_factor_multifrag_4/o__Lachnospirales/RS_GCF_001466305.1.fasta'

predicted is: 8, ref is 11 
fileId is:    '/home/w328li/MLDSP-desktop/samples/order_const_factor_multifrag_4/o__Lachnospirales/RS_GCF_900070325.1.fasta'

predicted is: 12, ref is 14 
fileId is:    '/home/w328li/MLDSP-desktop/samples/order_const_factor_multifrag_4/o__Mycoplasmatales/GB_GCA_002359095.1.fasta'

predicted is: 17, ref is 16 
fileId is:    '/home/w328li/MLDSP-desktop/samples/order_const_factor_multifrag_4/o__Peptostreptococcales/GB_GCA_001512625.1.fasta'

predicted is: 11, ref is 16 
fileId is:    '/home/w328li/MLDSP-desktop/samples/order_const_factor_multifrag_4/o__Peptostreptococcales/GB_GCA_002310095.1.fasta'

predicted is: 11, ref is 16 
fileId is:    '/home/w328li/MLDSP-desktop/samples/order_const_factor_multifrag_4/o__Peptostreptococcales/GB_GCA_002329675.1.fasta'

predicted is: 16, ref is 17 
fileId is:    '/home/w328li/MLDSP-desktop/samples/order_const_factor_multifrag_4/o__Tissierellales/RS_GCF_001190785.1.fasta'

(4,12):1
(6,15):2
(7,4):1
(8,3):1
(8,16):1
(15,11):1
(15,16):1
(16,11):3
(16,17):2
testInd = 2 19 38 39 43 58 66 74 77 86 104 143 149 158 162 173 176 185 190 206 218 224 227 228 238 246 251 262 263 275 291 295 312 318 320 344 346 360 372 375 380 381 420 435 446 447 452 462 478 481 492 498 504 508 543 556 572 577 593 604 612 658 660 672 675 684 702 713 729 734 735 781 800 801 815 828 838 851 855 864 876 894 926 938 955 959 960 994 999 1001 1048 1051 1064 1078 1082 1104 1111 1116 1122 1146 1148 1158 1162 1182 1189 1198 1223 1225 1235 1247 1269 1281 1284 1291 1305 1307 1349 1356 1360 1361 1376 1393 1394 1395 1407 1410 1423 1440 1477 1497 1516 1533 1539 1540 1553 1576 1584 1595 1596 1602 1618 1627 1635 1639 1643 1646 1647 1656 1667 1669 1670 1675 1686 1689 1715 1721 1729 1731 1734 1739 1748 1761 1762 1765 1776 1794 1795 1799 1804 1808 1829 1831 1843 1846 1863 1880 1884 1894 1902 1919 1921 1929 1931 1951 1956 1965 1967 1973 1987 2015 2028 2036 2049 2051 2060 2063 2075 2094 2137 2143 2149 2161 2166 2168 2171 2179 2184 2193 2202 2213 2217 2243 2257 2295 2300 2301 2306 2310 2322 2323 2327 2330 2332 2345 2347 2350 2362 2374 2383 2390 2394 2437 2444 2453 2457 2460 2461 2466 2476 2485 2536 2549 2553 2585 2614 2615 2628 2669 2679 2682 2689 2716 2726 2750 2774 2777 2781 2795 2801 2818 2848 2864 2869 2873 2875 2905 2909 2914 2924 2928 2942 2946 2953 2964 2965 2969 2973 2979 2986 2995 3003 3007 3021 3025 3027 3031 3033 3037 3042 3051 3061 3071 3074 3089 3097 3103 3119 3135 3139 3156 3157 3159 3161 3165 3194 3197 3198 3236 3245 3248 3253 3310 3313 3341 3348 3362 3380 3387 3413 3424 3426 3429 3433 3460 3465 3466 3471 3472 3482 3498 3512 3515 3519 3528 3532 3541 3551 3556 3557 3565 3566 3579 3580 3591 3594 3601 3603 3610 3620 3632 3636 3646 3647 3654 3661 3678 3688 3691 3693 3695 3706 3708 3712 3731 3735 3736 3749 3763 3767 3774 3781 3788 3791 3792 3795 3796 3797 3803 3810 3822 3836 3846 3877 3878 3879 3914 3924 3925 3935 3940 3954 3956 3989 3991 4015 4018 4036 4049 4062 4072 4092 4098 4108 4117 4118 4150 4152 4153 4159 4169 4177 4186 4188 4193 4207 4212 4221 4225 4229 4252 4256 4258 4261 4271 4278 4297 4309 4325 4333 4338 4344 4348 4382 4394 4398 4407 4425 4433 4448 4459 4460 4467 4486 4494 4500 4503 4507 4524 4534 4548 4554 4574 4580 4585 4588 4589 4614 4615 4638 4657 4659 4660 4662 4680 4688 4695 4717 4720 4721 4727 4754 4772 4793 4794 4805 4815 4817 4829 4841 4860 4862 4867 4881 4889 4898 4935 4955 4957 4984 4986 4991 5000 5007 5008 5014 5021 5024 5038 5060 5061 5087 5091 5094 5095 5098 5107 5128 5143 5148 5150 5154 5157 5160 5166 5180 5187 5194 5201 5207 5232 5240 5242 5251 5277 5311 5313 5332 5341 5351 5358 5363 5378 5380 5389 5397 5411 5412 5415 5418 5421 5431 5453 5469 5479 5495 5497 5500 5503 5507 5509 5520 5529 5539 5551 5552 5555 5557 5581 5591 5595 5596 5604 5629 5630
predicted is: 12, ref is 4 
fileId is:    '/home/w328li/MLDSP-desktop/samples/order_const_factor_multifrag_4/o__Burkholderiales/RS_GCF_002221595.1.fasta'

predicted is: 15, ref is 6 
fileId is:    '/home/w328li/MLDSP-desktop/samples/order_const_factor_multifrag_4/o__Christensenellales/GB_GCA_002392505.1.fasta'

predicted is: 15, ref is 6 
fileId is:    '/home/w328li/MLDSP-desktop/samples/order_const_factor_multifrag_4/o__Christensenellales/GB_GCA_900319345.1.fasta'

predicted is: 4, ref is 7 
fileId is:    '/home/w328li/MLDSP-desktop/samples/order_const_factor_multifrag_4/o__Chromatiales/GB_GCA_003525925.1.fasta'

predicted is: 3, ref is 8 
fileId is:    '/home/w328li/MLDSP-desktop/samples/order_const_factor_multifrag_4/o__Clostridiales/RS_GCF_000633595.2.fasta'

predicted is: 16, ref is 8 
fileId is:    '/home/w328li/MLDSP-desktop/samples/order_const_factor_multifrag_4/o__Clostridiales/RS_GCF_000701905.1.fasta'

predicted is: 11, ref is 15 
fileId is:    '/home/w328li/MLDSP-desktop/samples/order_const_factor_multifrag_4/o__Oscillospirales/GB_GCA_003518885.1.fasta'

predicted is: 16, ref is 15 
fileId is:    '/home/w328li/MLDSP-desktop/samples/order_const_factor_multifrag_4/o__Oscillospirales/GB_GCA_900313925.1.fasta'

predicted is: 11, ref is 16 
fileId is:    '/home/w328li/MLDSP-desktop/samples/order_const_factor_multifrag_4/o__Peptostreptococcales/GB_GCA_002392265.1.fasta'

predicted is: 11, ref is 16 
fileId is:    '/home/w328li/MLDSP-desktop/samples/order_const_factor_multifrag_4/o__Peptostreptococcales/RS_GCF_000621485.1.fasta'

predicted is: 11, ref is 16 
fileId is:    '/home/w328li/MLDSP-desktop/samples/order_const_factor_multifrag_4/o__Peptostreptococcales/RS_GCF_900102225.1.fasta'

predicted is: 17, ref is 16 
fileId is:    '/home/w328li/MLDSP-desktop/samples/order_const_factor_multifrag_4/o__Peptostreptococcales/RS_GCF_900111615.1.fasta'

predicted is: 17, ref is 16 
fileId is:    '/home/w328li/MLDSP-desktop/samples/order_const_factor_multifrag_4/o__Peptostreptococcales/RS_GCF_900112955.1.fasta'

(3,11):1
(6,3):1
(6,11):3
(6,15):3
(7,4):2
(7,9):1
(8,17):1
(9,4):1
(10,11):1
(14,4):1
(15,11):1
(16,11):5
(16,15):1
(16,17):2
(17,11):1
(17,16):1
testInd = 4 5 7 11 14 16 41 45 65 70 81 82 93 95 117 123 125 148 164 167 175 184 194 199 201 209 235 239 240 245 252 254 260 264 272 296 297 315 327 339 364 370 386 391 393 398 399 400 405 413 425 436 442 451 461 466 467 470 473 485 496 513 529 557 568 575 591 601 602 609 616 622 629 633 651 679 681 683 686 691 698 704 709 710 726 733 740 754 758 768 772 803 806 810 813 824 825 827 832 834 842 843 863 881 899 903 906 912 929 935 942 951 954 961 985 989 993 1016 1036 1040 1043 1050 1055 1065 1070 1080 1081 1083 1094 1102 1126 1135 1147 1187 1201 1224 1256 1258 1265 1268 1270 1289 1294 1312 1313 1316 1319 1322 1326 1328 1334 1345 1357 1362 1368 1372 1375 1384 1392 1404 1405 1406 1408 1418 1424 1435 1443 1448 1451 1485 1502 1503 1507 1514 1517 1520 1531 1537 1538 1570 1578 1609 1630 1631 1653 1696 1710 1712 1724 1725 1740 1747 1769 1847 1854 1859 1861 1864 1865 1868 1871 1874 1886 1890 1928 1930 1940 1949 1969 1978 2002 2006 2008 2017 2029 2032 2037 2038 2065 2068 2086 2087 2107 2117 2120 2123 2124 2136 2152 2155 2157 2163 2174 2178 2182 2195 2200 2205 2208 2210 2214 2229 2231 2253 2259 2262 2268 2269 2282 2284 2288 2293 2313 2317 2328 2335 2338 2346 2352 2359 2360 2367 2386 2391 2398 2404 2411 2425 2431 2439 2449 2450 2463 2479 2488 2492 2495 2502 2517 2527 2533 2541 2547 2551 2597 2606 2619 2626 2630 2637 2647 2652 2655 2657 2662 2665 2666 2674 2705 2722 2749 2751 2779 2791 2793 2798 2799 2804 2820 2829 2844 2854 2868 2898 2907 2920 2922 2927 2931 2958 2968 2974 2985 2996 3004 3020 3052 3066 3077 3080 3087 3095 3096 3100 3105 3123 3127 3136 3140 3142 3166 3167 3181 3213 3226 3229 3232 3233 3244 3283 3288 3296 3304 3315 3319 3354 3364 3368 3381 3383 3410 3436 3440 3459 3480 3484 3491 3493 3518 3535 3560 3576 3599 3605 3608 3609 3615 3624 3628 3644 3645 3669 3670 3689 3694 3698 3709 3725 3740 3773 3809 3823 3828 3832 3837 3843 3850 3852 3871 3883 3884 3885 3886 3889 3891 3901 3916 3917 3919 3934 3941 3973 3974 3983 3998 4005 4029 4046 4047 4048 4064 4065 4070 4078 4079 4081 4085 4100 4160 4167 4170 4191 4200 4205 4206 4208 4224 4227 4241 4247 4248 4266 4274 4295 4307 4310 4321 4327 4336 4337 4362 4371 4375 4379 4389 4392 4401 4402 4405 4420 4439 4452 4454 4466 4472 4484 4502 4504 4517 4522 4532 4536 4542 4545 4559 4612 4617 4624 4640 4647 4682 4690 4706 4731 4737 4740 4760 4774 4779 4790 4792 4810 4819 4822 4840 4870 4882 4885 4892 4896 4939 4954 4974 4989 5025 5032 5035 5042 5044 5050 5071 5076 5080 5101 5104 5105 5117 5125 5132 5139 5152 5163 5172 5188 5203 5216 5224 5236 5246 5247 5249 5265 5272 5274 5294 5303 5352 5372 5373 5405 5422 5437 5439 5452 5454 5472 5476 5484 5485 5515 5517 5530 5535 5544 5553 5559 5562 5563 5572 5586 5600 5603 5641 5645
predicted is: 11, ref is 3 
fileId is:    '/home/w328li/MLDSP-desktop/samples/order_const_factor_multifrag_4/o__Bacillales/RS_GCF_002153425.1.fasta'

predicted is: 11, ref is 6 
fileId is:    '/home/w328li/MLDSP-desktop/samples/order_const_factor_multifrag_4/o__Christensenellales/GB_GCA_002309235.1.fasta'

predicted is: 15, ref is 6 
fileId is:    '/home/w328li/MLDSP-desktop/samples/order_const_factor_multifrag_4/o__Christensenellales/GB_GCA_002329335.1.fasta'

predicted is: 11, ref is 6 
fileId is:    '/home/w328li/MLDSP-desktop/samples/order_const_factor_multifrag_4/o__Christensenellales/GB_GCA_003149735.1.fasta'

predicted is: 15, ref is 6 
fileId is:    '/home/w328li/MLDSP-desktop/samples/order_const_factor_multifrag_4/o__Christensenellales/GB_GCA_003249555.1.fasta'

predicted is: 3, ref is 6 
fileId is:    '/home/w328li/MLDSP-desktop/samples/order_const_factor_multifrag_4/o__Christensenellales/GB_GCA_900315315.1.fasta'

predicted is: 11, ref is 6 
fileId is:    '/home/w328li/MLDSP-desktop/samples/order_const_factor_multifrag_4/o__Christensenellales/GB_GCA_900318145.1.fasta'

predicted is: 15, ref is 6 
fileId is:    '/home/w328li/MLDSP-desktop/samples/order_const_factor_multifrag_4/o__Christensenellales/RS_GCF_900155415.1.fasta'

predicted is: 4, ref is 7 
fileId is:    '/home/w328li/MLDSP-desktop/samples/order_const_factor_multifrag_4/o__Chromatiales/GB_GCA_000168735.1.fasta'

predicted is: 9, ref is 7 
fileId is:    '/home/w328li/MLDSP-desktop/samples/order_const_factor_multifrag_4/o__Chromatiales/RS_GCF_000801295.1.fasta'

predicted is: 4, ref is 7 
fileId is:    '/home/w328li/MLDSP-desktop/samples/order_const_factor_multifrag_4/o__Chromatiales/RS_GCF_900107145.1.fasta'

predicted is: 17, ref is 8 
fileId is:    '/home/w328li/MLDSP-desktop/samples/order_const_factor_multifrag_4/o__Clostridiales/RS_GCF_001317355.1.fasta'

predicted is: 4, ref is 9 
fileId is:    '/home/w328li/MLDSP-desktop/samples/order_const_factor_multifrag_4/o__Ectothiorhodospirales/RS_GCF_001753245.1.fasta'

predicted is: 11, ref is 10 
fileId is:    '/home/w328li/MLDSP-desktop/samples/order_const_factor_multifrag_4/o__Erysipelotrichales/RS_GCF_000157995.1.fasta'

predicted is: 4, ref is 14 
fileId is:    '/home/w328li/MLDSP-desktop/samples/order_const_factor_multifrag_4/o__Mycoplasmatales/RS_GCF_000319365.1.fasta'

predicted is: 11, ref is 15 
fileId is:    '/home/w328li/MLDSP-desktop/samples/order_const_factor_multifrag_4/o__Oscillospirales/RS_GCF_900148495.1.fasta'

predicted is: 11, ref is 16 
fileId is:    '/home/w328li/MLDSP-desktop/samples/order_const_factor_multifrag_4/o__Peptostreptococcales/GB_GCA_002315535.1.fasta'

predicted is: 15, ref is 16 
fileId is:    '/home/w328li/MLDSP-desktop/samples/order_const_factor_multifrag_4/o__Peptostreptococcales/GB_GCA_002482405.1.fasta'

predicted is: 11, ref is 16 
fileId is:    '/home/w328li/MLDSP-desktop/samples/order_const_factor_multifrag_4/o__Peptostreptococcales/GB_GCA_900315895.1.fasta'

predicted is: 17, ref is 16 
fileId is:    '/home/w328li/MLDSP-desktop/samples/order_const_factor_multifrag_4/o__Peptostreptococcales/RS_GCF_000161975.1.fasta'

predicted is: 17, ref is 16 
fileId is:    '/home/w328li/MLDSP-desktop/samples/order_const_factor_multifrag_4/o__Peptostreptococcales/RS_GCF_000238115.1.fasta'

predicted is: 11, ref is 16 
fileId is:    '/home/w328li/MLDSP-desktop/samples/order_const_factor_multifrag_4/o__Peptostreptococcales/RS_GCF_000688015.1.fasta'

predicted is: 11, ref is 16 
fileId is:    '/home/w328li/MLDSP-desktop/samples/order_const_factor_multifrag_4/o__Peptostreptococcales/RS_GCF_001748365.1.fasta'

predicted is: 11, ref is 16 
fileId is:    '/home/w328li/MLDSP-desktop/samples/order_const_factor_multifrag_4/o__Peptostreptococcales/RS_GCF_900142145.1.fasta'

predicted is: 16, ref is 17 
fileId is:    '/home/w328li/MLDSP-desktop/samples/order_const_factor_multifrag_4/o__Tissierellales/GB_GCA_002431555.1.fasta'

predicted is: 11, ref is 17 
fileId is:    '/home/w328li/MLDSP-desktop/samples/order_const_factor_multifrag_4/o__Tissierellales/RS_GCF_000467935.1.fasta'

        ClassifierModel         Accuracy
    ________________________    ________

    {'LinearDiscriminant'  }      97.2  
    {'LinearSVM'           }      86.4  
    {'QuadraticSVM'        }      91.3  
    {'FineKNN'             }        83  
    {'SubspaceDiscriminant'}      91.5  
    {'SubspaceKNN'         }      82.7  
    {'AverageAccuracy'     }      88.7  

Process completed 
[?1l>