MATLAB is selecting SOFTWARE OPENGL rendering.
[?1h=
                                                                                          < M A T L A B (R) >
                                                                                Copyright 1984-2019 The MathWorks, Inc.
                                                                            R2019b Update 5 (9.7.0.1319299) 64-bit (glnxa64)
                                                                                           February 19, 2020

 
To get started, type doc.
For product information, visit www.mathworks.com.
 
[H[2J
dataSet =

    'family_const_factor_multifrag_2'


testSet =

  0x0 empty char array


methodNum =

     1


dataSetPath =

    '/home/w328li/MLDSP-desktop/samples/family_const_factor_multifrag_2'


testSetPath =

    '/home/w328li/MLDSP-desktop/samples/'

Reading sequences .... 
display cluster name
f__Actinomycetaceae
display cluster name
f__Bifidobacteriaceae
display cluster name
f__Cellulomonadaceae
display cluster name
f__Dermatophilaceae
display cluster name
f__Microbacteriaceae
display cluster name
f__Micrococcaceae
Starting parallel pool (parpool) using the 'local' profile ...
Connected to the parallel pool (number of workers: 12).
Computing Distance matrix .... 
Performing classification .... 
testInd = 30 32 33 34 55 56 60 66 69 80 111 117 126 134 139 154 157 160 163 170 175 180 207 208 210 219 249 250 253 255 261 265 266 273 295 312 314 315 346 352 367 381 383 398 403 422 445 447 463 475 487 501 511 521 523 528 530 540 547 551 553 590 601 612 614 660 668 676 677 685 692 706 708 715 719 723 727 739 743 746 765 829 845 852 853 854 881 889 897 899 915 941 947 953 966 986 992 997 1004 1011 1012 1019 1063 1069 1082 1091 1109 1114 1124 1127 1129 1133 1138 1143
testInd = 15 24 28 35 59 75 87 98 107 123 124 127 131 136 148 149 161 168 177 187 190 193 196 209 212 217 226 229 257 272 276 287 308 310 332 337 338 351 365 369 371 377 410 417 420 471 477 484 491 505 514 529 536 539 561 586 597 599 618 624 635 640 643 649 650 655 674 689 691 707 725 730 731 745 747 751 767 769 788 805 813 820 832 864 865 868 869 880 886 887 896 908 920 925 929 935 937 958 964 975 989 999 1002 1037 1051 1055 1061 1073 1095 1096 1100 1112 1132 1135 1137
testInd = 2 5 7 16 18 25 26 31 48 53 65 68 72 81 85 93 94 100 101 114 115 159 172 181 182 205 220 225 231 237 269 274 282 288 294 305 309 311 322 323 331 349 357 363 394 418 421 424 429 436 437 440 442 443 450 453 457 493 502 503 506 507 527 563 576 600 631 632 638 651 656 657 673 683 696 717 729 750 759 762 772 776 792 795 797 802 814 827 846 851 870 876 882 901 918 931 939 963 984 1003 1022 1024 1025 1050 1054 1064 1067 1068 1078 1092 1097 1111 1116 1118 1139
(1,4):1
(6,3):1
testInd = 3 6 11 27 37 38 46 51 57 67 79 91 95 110 119 135 143 153 191 203 223 224 234 235 240 256 263 284 298 299 304 316 339 348 350 361 370 387 402 408 411 416 426 434 460 474 492 504 531 532 543 549 554 566 578 584 589 602 607 611 617 634 681 684 686 693 697 712 736 737 758 763 777 780 787 804 834 848 862 875 877 878 885 902 911 928 934 951 959 962 970 974 985 998 1001 1007 1016 1023 1027 1029 1030 1035 1044 1053 1056 1070 1074 1085 1086 1104 1120 1134 1141 1144 1145
predicted is: 4, ref is 1 
fileId is:    '/home/w328li/MLDSP-desktop/samples/family_const_factor_multifrag_2/f__Actinomycetaceae/RS_GCF_001907235.1.fasta'

predicted is: 3, ref is 6 
fileId is:    '/home/w328li/MLDSP-desktop/samples/family_const_factor_multifrag_2/f__Micrococcaceae/RS_GCF_000688395.1.fasta'

testInd = 10 13 21 22 36 44 52 63 71 77 89 112 121 132 165 173 184 188 194 232 236 246 262 275 280 285 286 302 319 321 325 326 327 329 330 344 364 379 391 413 454 462 470 497 500 512 525 533 550 555 557 558 564 573 595 598 604 606 613 615 622 630 644 672 678 699 704 709 734 740 754 766 778 781 782 784 822 825 830 838 844 863 866 895 898 903 905 917 919 921 922 942 943 946 950 954 960 973 990 993 995 1000 1018 1028 1057 1058 1076 1079 1081 1093 1094 1107 1117 1128 1147
(1,2):1
(1,4):1
testInd = 12 40 42 54 58 62 74 84 96 102 104 108 125 138 140 176 183 186 195 197 199 200 221 233 239 244 252 259 271 297 333 335 342 345 353 356 359 378 380 386 396 397 405 407 414 425 467 489 513 518 519 526 535 542 559 565 569 575 577 588 592 603 605 648 658 675 688 698 720 726 733 756 757 773 783 793 794 801 806 810 819 823 828 840 842 849 860 861 879 909 913 923 944 948 949 952 955 967 978 994 1008 1013 1017 1032 1046 1047 1048 1059 1062 1066 1071 1072 1080 1113 1130
predicted is: 4, ref is 1 
fileId is:    '/home/w328li/MLDSP-desktop/samples/family_const_factor_multifrag_2/f__Actinomycetaceae/RS_GCF_000758825.1.fasta'

predicted is: 2, ref is 1 
fileId is:    '/home/w328li/MLDSP-desktop/samples/family_const_factor_multifrag_2/f__Actinomycetaceae/RS_GCF_900119495.1.fasta'

(5,2):1
testInd = 9 14 17 43 47 49 64 76 88 103 105 122 137 141 144 145 156 158 164 171 185 202 204 211 214 227 230 245 254 258 281 290 292 320 341 343 366 374 375 392 399 412 415 423 431 461 465 473 478 479 481 490 509 534 544 562 567 570 574 580 582 608 620 623 629 636 662 667 679 694 700 702 705 711 716 721 724 735 742 774 779 791 807 826 833 836 841 858 890 893 910 912 914 926 930 961 965 976 982 988 1005 1014 1036 1038 1045 1052 1065 1084 1103 1108 1115 1122 1125 1131 1140
predicted is: 2, ref is 5 
fileId is:    '/home/w328li/MLDSP-desktop/samples/family_const_factor_multifrag_2/f__Microbacteriaceae/RS_GCF_000007485.1.fasta'

(6,2):1
testInd = 23 39 73 86 109 128 129 167 213 215 218 238 241 247 260 264 267 268 270 277 289 293 300 303 324 340 347 358 360 384 388 390 395 400 427 430 435 444 448 449 456 464 469 488 498 508 515 517 524 541 545 546 568 571 581 591 594 609 619 621 625 628 641 642 653 654 659 661 663 687 690 703 714 728 738 744 755 771 775 789 796 803 809 815 816 818 850 855 857 874 883 892 906 907 916 933 940 957 971 991 1010 1015 1020 1021 1033 1039 1077 1083 1087 1088 1089 1099 1101 1110 1121
predicted is: 2, ref is 6 
fileId is:    '/home/w328li/MLDSP-desktop/samples/family_const_factor_multifrag_2/f__Micrococcaceae/GB_GCA_002492045.1.fasta'

(2,1):1
testInd = 4 29 41 45 50 82 92 97 106 113 120 133 142 147 151 155 169 174 201 206 243 248 251 278 306 307 354 355 362 372 373 376 382 385 389 393 404 406 409 419 432 439 455 458 459 466 480 482 486 495 520 522 538 548 560 579 583 593 596 610 626 633 637 639 646 647 669 670 671 713 722 732 741 748 749 753 760 761 785 786 798 821 835 839 856 859 867 871 873 888 891 894 900 932 968 979 980 981 983 987 1006 1026 1042 1043 1049 1060 1090 1102 1105 1119 1123 1126 1136 1142
predicted is: 1, ref is 2 
fileId is:    '/home/w328li/MLDSP-desktop/samples/family_const_factor_multifrag_2/f__Bifidobacteriaceae/RS_GCF_002259705.1.fasta'

(2,1):1
(3,1):1
testInd = 1 8 19 20 61 70 78 83 90 99 116 118 130 146 150 152 162 166 178 179 189 192 198 216 222 228 242 279 283 291 296 301 313 317 318 328 334 336 368 401 428 433 438 441 446 451 452 468 472 476 483 485 494 496 499 510 516 537 552 556 572 585 587 616 627 645 652 664 665 666 680 682 695 701 710 718 752 764 768 770 790 799 800 808 811 812 817 824 831 837 843 847 872 884 904 924 927 936 938 945 956 969 972 977 996 1009 1031 1034 1040 1041 1075 1098 1106 1146
predicted is: 1, ref is 2 
fileId is:    '/home/w328li/MLDSP-desktop/samples/family_const_factor_multifrag_2/f__Bifidobacteriaceae/GB_GCA_000485475.1.fasta'

predicted is: 1, ref is 3 
fileId is:    '/home/w328li/MLDSP-desktop/samples/family_const_factor_multifrag_2/f__Cellulomonadaceae/RS_GCF_006715765.1.fasta'

        ClassifierModel         Accuracy
    ________________________    ________

    {'LinearDiscriminant'  }      99.2  
    {'LinearSVM'           }      91.8  
    {'QuadraticSVM'        }      94.8  
    {'FineKNN'             }      85.9  
    {'SubspaceDiscriminant'}      97.4  
    {'SubspaceKNN'         }        84  
    {'AverageAccuracy'     }      92.2  

Process completed 
[?1l>