MATLAB is selecting SOFTWARE OPENGL rendering.
[?1h=
                            < M A T L A B (R) >
                  Copyright 1984-2019 The MathWorks, Inc.
              R2019b Update 5 (9.7.0.1319299) 64-bit (glnxa64)
                             February 19, 2020

 
To get started, type doc.
For product information, visit www.mathworks.com.
 
[H[2J
dataSet =

    'genus_const_factor_multifrag_2'


testSet =

  0x0 empty char array


methodNum =

     1


dataSetPath =

    '/home/w328li/MLDSP-desktop/samples/genus_const_factor_multifrag_2'


testSetPath =

    '/home/w328li/MLDSP-desktop/samples/'

Reading sequences .... 
display cluster name
g__Clavibacter
display cluster name
g__Cryobacterium
display cluster name
g__Curtobacterium
display cluster name
g__Leifsonia
display cluster name
g__Leucobacter
display cluster name
g__Microbacterium
display cluster name
g__Rathayibacter
display cluster name
g__Schumannella
Starting parallel pool (parpool) using the 'local' profile ...
Connected to the parallel pool (number of workers: 12).
Computing Distance matrix .... 
Performing classification .... 
testInd = 15 17 26 28 30 31 37 57 60 72 77 79 83 100 101 105 121 122 127 130 143 155 190 192 199 201 213 226 242 262 270 274 276 280 287 289 311 318 348 352 357 362 374 375 384 389 391 450 463 467 493 496 531 538 563 588 592 601 603 605
testInd = 11 13 18 27 34 41 55 56 90 92 102 103 107 125 138 150 152 168 171 179 183 185 206 211 239 245 249 259 265 275 279 315 316 328 331 336 340 355 366 390 392 396 405 407 434 442 456 465 482 486 490 505 514 524 529 530 555 561 568 582 591
testInd = 1 12 16 23 25 39 42 45 46 84 131 142 151 153 161 162 178 180 182 212 220 222 224 227 228 232 250 257 260 273 317 334 338 346 347 379 395 400 402 408 421 423 425 440 451 461 473 481 492 520 541 543 544 554 556 564 565 577 580 590 594
testInd = 2 6 19 24 43 61 68 106 112 116 135 145 172 186 195 210 214 241 258 283 285 290 296 304 308 310 319 322 327 335 359 361 363 367 370 377 386 387 403 410 412 427 462 474 478 499 503 504 510 513 521 528 537 542 545 546 550 557 569 584 596
testInd = 5 9 10 22 33 74 86 88 93 110 113 136 137 148 158 160 164 165 166 167 176 208 229 238 253 256 263 286 292 295 314 325 326 330 333 343 398 413 414 435 438 441 445 449 457 472 480 483 484 494 495 500 512 527 558 559 571 578 579 586 602
testInd = 20 21 29 44 47 49 51 63 80 85 87 94 95 111 115 124 126 129 144 169 189 203 205 209 237 264 268 272 282 293 298 302 303 320 321 356 365 383 385 409 419 420 428 433 436 447 448 476 497 498 507 516 526 533 547 552 553 562 566 567 572
testInd = 7 8 35 48 50 54 62 64 66 70 71 73 78 97 98 108 119 159 174 175 184 207 217 234 235 240 243 248 277 294 299 301 306 307 351 368 372 373 381 411 418 439 443 454 468 471 477 479 487 506 515 519 523 535 551 573 587 593 598 600 606
testInd = 40 104 114 117 120 128 132 139 141 146 163 173 177 181 193 196 198 200 216 219 231 247 254 261 266 267 271 281 297 312 323 329 332 341 342 349 364 378 388 399 417 422 426 431 453 460 464 470 475 502 511 525 536 539 540 548 570 574 575 589 597
testInd = 3 14 53 59 65 67 69 76 96 99 123 133 149 187 188 191 194 197 202 204 230 233 236 244 252 269 284 305 313 324 337 339 345 353 354 382 393 394 401 415 416 424 446 455 458 466 469 488 508 517 518 522 532 549 560 576 583 595 599 604 607
testInd = 4 32 36 38 52 58 75 81 82 89 91 109 118 134 140 147 154 156 157 170 215 218 221 223 225 246 251 255 278 288 291 300 309 344 350 358 360 369 371 376 380 397 404 406 429 430 432 437 444 452 459 485 489 491 501 509 534 581 585 608
        ClassifierModel         Accuracy
    ________________________    ________

    {'LinearDiscriminant'  }       100  
    {'LinearSVM'           }      97.4  
    {'QuadraticSVM'        }      98.7  
    {'FineKNN'             }      97.7  
    {'SubspaceDiscriminant'}      99.3  
    {'SubspaceKNN'         }      97.7  
    {'AverageAccuracy'     }      98.5  

Process completed 
[?1l>