MATLAB is selecting SOFTWARE OPENGL rendering.
[?1h=
                                                                                          < M A T L A B (R) >
                                                                                Copyright 1984-2019 The MathWorks, Inc.
                                                                            R2019b Update 5 (9.7.0.1319299) 64-bit (glnxa64)
                                                                                           February 19, 2020

 
To get started, type doc.
For product information, visit www.mathworks.com.
 
[H[2J
dataSet =

    'order_const_factor_multifrag_15'


testSet =

  0x0 empty char array


methodNum =

     1


dataSetPath =

    '/home/w328li/MLDSP-desktop/samples/order_const_factor_multifrag_15'


testSetPath =

    '/home/w328li/MLDSP-desktop/samples/'

Reading sequences .... 
display cluster name
o__Bacillales
display cluster name
o__Erysipelotrichales
display cluster name
o__Lactobacillales
display cluster name
o__Mycoplasmatales
display cluster name
o__Paenibacillales
display cluster name
o__RF39
display cluster name
o__Staphylococcales
Starting parallel pool (parpool) using the 'local' profile ...
Connected to the parallel pool (number of workers: 12).
Computing Distance matrix .... 
Performing classification .... 
(7,1):1
testInd = 64 66 70 74 75 116 117 118 126 130 140 145 146 158 169 172 182 191 210 211 225 227 233 244 260 274 302 303 307 313 314 319 321 334 344 351 353 356 363 370 386 396 403 404 410 420 421 429 440 445 455 473 475 477 485 488 491 500 505 507 523 543 547 551 569 572 583 601 607 608 626 628 634 635 641 657 664 670 682 692 720 725 747 749 751 785 793 800 813 817 840 844 845 856 888 889 893 909 911 927 929 944 947 961 965 967 973 986 1003 1008 1028 1030 1032 1036 1046 1054 1059 1070 1075 1097 1099 1109 1110 1113 1116 1119 1122 1125 1126 1165 1171 1187 1195 1213 1218 1237 1243 1254 1262 1267 1280 1315 1319 1342 1346 1364 1369 1384 1386 1401 1404 1412 1414 1416 1420 1424 1426 1447 1450 1456 1459 1481 1486 1495 1500 1509 1521 1526 1532 1547 1551 1556 1568 1587 1595 1630 1658 1668 1683 1690 1694 1697 1726 1738 1745 1747 1754 1794 1796 1800 1803 1813 1830 1831 1840 1859 1907 1920 1923 1932 1941 1958 1989 1997 2006 2014 2031 2036 2038 2056 2060 2076 2077 2078 2079 2091 2104 2146 2147 2194 2195 2204 2231 2237 2253 2261 2284 2291 2295 2308 2342 2345 2347 2353 2356 2363 2367 2376
predicted is: 1, ref is 7 
fileId is:    '/home/w328li/MLDSP-desktop/samples/order_const_factor_multifrag_15/o__Staphylococcales/RS_GCF_000425825.1.fasta'

testInd = 15 35 36 37 39 44 56 62 76 119 124 129 148 165 183 201 202 204 206 212 221 232 241 242 245 247 251 254 257 262 267 270 292 295 317 329 335 342 343 346 348 368 376 377 381 383 385 406 409 413 418 432 436 447 461 463 478 494 522 526 541 555 573 582 591 594 597 633 638 648 649 650 652 659 662 666 675 687 690 713 715 727 732 740 744 757 761 781 801 818 828 834 843 896 932 942 946 953 954 957 970 981 990 1017 1040 1072 1073 1090 1096 1103 1138 1159 1179 1183 1184 1185 1194 1205 1206 1215 1227 1230 1242 1247 1255 1260 1269 1287 1295 1302 1306 1312 1318 1330 1357 1361 1378 1399 1418 1422 1457 1465 1477 1479 1487 1498 1505 1507 1511 1528 1531 1533 1542 1570 1576 1600 1609 1612 1640 1654 1670 1695 1696 1706 1707 1709 1712 1721 1740 1765 1766 1770 1772 1779 1785 1789 1791 1797 1805 1806 1807 1828 1829 1833 1839 1850 1862 1866 1871 1881 1896 1901 1909 1943 1944 1956 1973 1986 1988 1994 1995 2015 2022 2026 2048 2051 2059 2080 2095 2099 2120 2133 2134 2153 2165 2169 2179 2189 2192 2213 2216 2220 2232 2250 2255 2259 2263 2267 2270 2289 2301 2302 2305 2350 2354 2357 2359 2362 2377
(4,6):1
testInd = 4 5 14 19 24 28 40 43 57 58 69 85 90 101 113 139 144 157 173 178 184 192 193 208 209 229 230 268 284 312 332 337 357 358 400 407 422 431 438 449 466 486 510 519 524 537 545 552 557 561 568 574 589 595 598 615 617 621 622 637 686 700 711 714 753 755 760 764 774 788 804 814 830 835 838 842 858 859 871 872 877 878 882 884 885 898 899 906 914 915 931 940 945 958 963 992 1010 1011 1018 1019 1020 1029 1033 1057 1067 1086 1088 1100 1106 1130 1141 1151 1156 1166 1176 1197 1216 1273 1277 1284 1285 1293 1300 1310 1316 1320 1329 1331 1332 1333 1334 1336 1362 1375 1381 1392 1393 1396 1397 1429 1432 1437 1444 1449 1458 1461 1475 1483 1489 1502 1503 1504 1522 1534 1540 1541 1560 1564 1571 1574 1575 1583 1586 1590 1594 1606 1614 1616 1620 1621 1625 1627 1636 1657 1661 1685 1686 1716 1717 1728 1737 1741 1774 1783 1798 1810 1811 1825 1837 1842 1864 1886 1890 1900 1904 1912 1914 1946 1954 1955 1959 1974 1998 1999 2023 2028 2040 2044 2053 2057 2062 2085 2087 2098 2108 2111 2127 2139 2164 2176 2185 2197 2202 2203 2209 2214 2227 2236 2254 2265 2294 2306 2313 2316 2320 2331 2364 2366 2371
predicted is: 6, ref is 4 
fileId is:    '/home/w328li/MLDSP-desktop/samples/order_const_factor_multifrag_15/o__Mycoplasmatales/GB_GCA_002359095.1.fasta'

(4,3):1
testInd = 9 10 16 18 20 21 26 60 63 73 79 81 82 93 96 107 110 122 141 149 160 161 164 171 187 189 197 224 237 261 264 279 300 378 393 395 405 408 424 428 430 434 441 443 446 456 467 489 492 502 511 540 542 544 549 575 576 577 580 585 587 588 596 609 636 654 663 669 684 689 695 696 706 710 721 729 737 758 767 768 770 771 798 799 807 811 812 819 827 831 847 852 866 870 880 892 897 922 949 964 968 991 1014 1061 1074 1078 1079 1080 1081 1091 1104 1117 1123 1144 1161 1174 1175 1178 1191 1207 1212 1221 1228 1232 1236 1241 1246 1286 1311 1313 1345 1358 1377 1382 1394 1398 1402 1408 1425 1428 1433 1438 1460 1468 1472 1514 1517 1559 1566 1591 1596 1610 1637 1639 1653 1660 1675 1687 1699 1703 1704 1731 1743 1762 1782 1784 1786 1788 1795 1804 1816 1817 1818 1836 1843 1852 1854 1879 1880 1895 1910 1925 1928 1929 1949 1953 1963 1969 1971 1985 2001 2002 2004 2018 2019 2045 2050 2061 2064 2069 2072 2084 2093 2094 2101 2105 2115 2119 2122 2131 2141 2145 2152 2154 2155 2174 2175 2180 2193 2210 2215 2223 2225 2226 2242 2244 2249 2264 2269 2283 2312 2321 2324 2327 2349 2358 2373 2378 2379
predicted is: 3, ref is 4 
fileId is:    '/home/w328li/MLDSP-desktop/samples/order_const_factor_multifrag_15/o__Mycoplasmatales/RS_GCF_004011965.1.fasta'

testInd = 1 25 30 31 49 50 51 78 89 111 112 135 137 152 156 168 175 186 196 226 234 239 256 263 266 269 291 297 305 324 333 338 341 364 367 369 380 382 425 439 448 470 474 501 512 525 532 546 548 554 581 586 604 610 614 618 620 625 627 629 631 632 680 699 707 712 717 719 731 742 746 756 765 769 776 780 784 791 805 824 829 874 903 907 913 920 924 951 983 997 1005 1007 1009 1031 1055 1062 1083 1098 1118 1127 1131 1132 1142 1153 1168 1182 1202 1210 1223 1225 1231 1239 1244 1252 1257 1271 1272 1298 1303 1307 1321 1349 1350 1353 1354 1365 1371 1372 1376 1387 1409 1413 1440 1442 1452 1462 1463 1464 1470 1480 1491 1512 1523 1535 1545 1548 1569 1592 1597 1601 1604 1652 1659 1673 1678 1680 1691 1705 1710 1715 1722 1723 1725 1729 1744 1753 1757 1761 1764 1767 1778 1827 1835 1838 1844 1845 1847 1861 1863 1865 1867 1868 1873 1875 1885 1888 1894 1908 1911 1919 1926 1934 1935 1945 1947 1950 1966 1970 1975 2005 2025 2029 2032 2033 2035 2049 2055 2090 2100 2116 2137 2150 2159 2170 2171 2181 2182 2186 2221 2228 2230 2235 2245 2256 2257 2288 2297 2304 2314 2315 2317 2334 2335 2338 2346 2360 2372 2383
testInd = 8 17 29 48 67 84 87 102 115 123 125 127 128 133 151 163 177 194 195 199 213 215 217 222 235 243 259 272 275 285 288 294 308 316 328 345 359 362 366 372 374 384 387 389 391 426 442 444 453 462 468 469 480 482 498 504 520 527 556 571 599 606 640 643 647 665 668 676 681 688 693 698 702 709 726 741 743 745 763 779 790 792 803 806 809 810 825 848 862 935 937 938 959 988 1012 1035 1037 1039 1049 1050 1065 1069 1087 1102 1108 1112 1120 1124 1128 1133 1136 1139 1143 1147 1148 1155 1157 1190 1198 1208 1214 1219 1224 1226 1256 1278 1301 1309 1314 1322 1337 1373 1383 1385 1391 1407 1410 1411 1417 1439 1441 1488 1493 1499 1510 1529 1550 1555 1557 1558 1580 1584 1603 1622 1623 1635 1641 1648 1669 1674 1689 1693 1711 1714 1718 1727 1732 1733 1758 1759 1760 1763 1773 1787 1793 1851 1856 1858 1869 1882 1898 1903 1915 1921 1922 1931 1936 1937 1939 1948 1960 1972 1976 1980 1987 1993 2000 2020 2024 2034 2039 2043 2070 2081 2086 2089 2102 2103 2110 2114 2124 2160 2161 2162 2173 2184 2191 2200 2206 2211 2212 2229 2238 2243 2273 2275 2279 2280 2296 2307 2325 2326 2330 2339 2348 2365 2381 2382
(2,1):1
(3,1):1
(5,1):2
(6,2):1
testInd = 7 23 33 34 41 46 88 95 99 105 138 147 166 167 185 216 218 240 248 265 271 277 280 281 306 311 315 322 323 336 347 360 361 365 375 394 397 411 415 433 437 464 465 483 484 487 493 495 496 516 517 518 534 535 536 538 558 560 564 605 616 619 623 661 672 673 674 677 703 704 716 718 736 738 750 752 773 775 782 783 794 822 823 826 836 841 849 851 861 875 901 923 933 936 952 956 960 971 975 977 989 1015 1016 1024 1026 1034 1064 1071 1077 1082 1084 1085 1105 1140 1145 1149 1154 1158 1164 1172 1186 1192 1209 1211 1233 1240 1249 1250 1253 1259 1268 1275 1281 1282 1283 1290 1317 1328 1339 1348 1352 1363 1367 1388 1415 1431 1435 1443 1446 1453 1467 1482 1490 1496 1497 1513 1519 1525 1572 1577 1585 1593 1602 1607 1619 1642 1655 1676 1679 1682 1684 1698 1701 1713 1724 1751 1752 1771 1775 1814 1821 1824 1853 1855 1857 1874 1883 1906 1951 1952 1957 1968 1977 1984 2003 2010 2011 2017 2021 2027 2041 2047 2063 2065 2075 2082 2096 2113 2132 2135 2156 2158 2166 2183 2190 2199 2205 2217 2224 2233 2239 2241 2248 2262 2282 2287 2290 2303 2310 2319 2336 2337 2340 2343 2351 2368 2369 2370
predicted is: 1, ref is 2 
fileId is:    '/home/w328li/MLDSP-desktop/samples/order_const_factor_multifrag_15/o__Erysipelotrichales/RS_GCF_001564455.1.fasta'

predicted is: 1, ref is 3 
fileId is:    '/home/w328li/MLDSP-desktop/samples/order_const_factor_multifrag_15/o__Lactobacillales/RS_GCF_000525915.1.fasta'

predicted is: 1, ref is 5 
fileId is:    '/home/w328li/MLDSP-desktop/samples/order_const_factor_multifrag_15/o__Paenibacillales/RS_GCF_002003265.1.fasta'

predicted is: 1, ref is 5 
fileId is:    '/home/w328li/MLDSP-desktop/samples/order_const_factor_multifrag_15/o__Paenibacillales/RS_GCF_004115085.1.fasta'

predicted is: 2, ref is 6 
fileId is:    '/home/w328li/MLDSP-desktop/samples/order_const_factor_multifrag_15/o__RF39/GB_GCA_900317975.1.fasta'

(7,1):1
testInd = 6 11 32 52 53 54 55 71 80 83 92 94 98 106 114 154 159 179 181 219 223 249 250 301 320 327 330 402 414 416 419 423 452 454 458 471 499 503 508 509 513 514 521 528 530 559 567 578 584 602 624 656 658 660 667 671 678 683 685 701 705 724 754 766 772 778 789 795 815 820 833 854 860 863 867 869 886 887 891 894 895 912 921 925 930 943 950 966 974 980 987 998 999 1004 1022 1023 1027 1041 1043 1045 1047 1060 1066 1068 1093 1101 1107 1111 1115 1134 1135 1146 1150 1160 1167 1169 1193 1196 1200 1201 1220 1234 1248 1251 1261 1266 1270 1274 1288 1291 1296 1297 1324 1326 1327 1340 1343 1347 1355 1374 1379 1380 1400 1405 1421 1430 1448 1471 1476 1492 1501 1506 1515 1518 1527 1530 1537 1539 1546 1554 1579 1588 1598 1611 1615 1626 1631 1633 1638 1644 1645 1651 1656 1662 1663 1665 1667 1688 1734 1748 1750 1781 1799 1808 1820 1823 1848 1849 1860 1889 1891 1892 1893 1905 1913 1924 1927 1933 1942 1964 1967 1979 1990 1991 2009 2012 2030 2046 2052 2054 2073 2083 2088 2092 2097 2109 2117 2125 2128 2138 2142 2151 2177 2178 2198 2222 2234 2246 2247 2251 2268 2271 2274 2292 2293 2332 2333 2352
predicted is: 1, ref is 7 
fileId is:    '/home/w328li/MLDSP-desktop/samples/order_const_factor_multifrag_15/o__Staphylococcales/RS_GCF_003814515.1.fasta'

testInd = 12 27 38 59 65 68 72 86 91 100 108 109 120 132 134 143 153 174 190 200 203 205 220 228 238 255 258 276 278 282 283 289 298 304 310 331 339 371 392 399 401 450 457 460 472 476 479 481 490 497 506 529 550 553 592 593 612 644 653 679 694 697 708 728 733 734 735 739 748 759 762 777 786 796 802 808 816 821 832 837 846 855 864 873 876 881 900 908 917 919 934 948 972 976 978 984 985 994 995 1001 1006 1013 1042 1048 1051 1052 1056 1095 1114 1137 1162 1170 1173 1188 1199 1203 1222 1235 1238 1258 1263 1265 1276 1279 1292 1294 1299 1305 1308 1335 1338 1344 1366 1368 1370 1403 1419 1427 1451 1454 1469 1473 1474 1494 1508 1516 1520 1524 1536 1538 1544 1549 1561 1563 1565 1581 1582 1589 1605 1608 1613 1618 1628 1646 1647 1664 1671 1672 1681 1700 1708 1742 1749 1755 1756 1768 1769 1776 1780 1792 1802 1809 1812 1815 1822 1826 1834 1841 1872 1887 1897 1917 1961 1981 1982 1983 1992 1996 2007 2008 2042 2066 2067 2068 2107 2112 2118 2126 2136 2148 2149 2163 2168 2172 2187 2196 2208 2240 2252 2258 2260 2272 2277 2278 2281 2285 2299 2309 2311 2318 2322 2323 2329 2341 2344 2361 2374 2375
testInd = 2 3 13 22 42 45 47 61 77 97 103 104 121 131 136 142 150 155 162 170 176 180 188 198 207 214 231 236 246 252 253 273 286 287 290 293 296 299 309 318 325 326 340 349 350 352 354 355 373 379 388 390 398 412 417 427 435 451 459 515 531 533 539 562 563 565 566 570 579 590 600 603 611 613 630 639 642 645 646 651 655 691 722 723 730 787 797 839 850 853 857 865 868 879 883 890 902 904 905 910 916 918 926 928 939 941 955 962 969 979 982 993 996 1000 1002 1021 1025 1038 1044 1053 1058 1063 1076 1089 1092 1094 1121 1129 1152 1163 1177 1180 1181 1189 1204 1217 1229 1245 1264 1289 1304 1323 1325 1341 1351 1356 1359 1360 1389 1390 1395 1406 1423 1434 1436 1445 1455 1466 1478 1484 1485 1543 1552 1553 1562 1567 1573 1578 1599 1617 1624 1629 1632 1634 1643 1649 1650 1666 1677 1692 1702 1719 1720 1730 1735 1736 1739 1746 1777 1790 1801 1819 1832 1846 1870 1876 1877 1878 1884 1899 1902 1916 1918 1930 1938 1940 1962 1965 1978 2013 2016 2037 2058 2071 2074 2106 2121 2123 2129 2130 2140 2143 2144 2157 2167 2188 2201 2207 2218 2219 2266 2276 2286 2298 2300 2328 2355 2380
        ClassifierModel         Accuracy
    ________________________    ________

    {'LinearDiscriminant'  }      99.6  
    {'LinearSVM'           }      94.5  
    {'QuadraticSVM'        }      96.9  
    {'FineKNN'             }      91.5  
    {'SubspaceDiscriminant'}      98.4  
    {'SubspaceKNN'         }      91.4  
    {'AverageAccuracy'     }      95.4  

Process completed 
[?1l>