MATLAB is selecting SOFTWARE OPENGL rendering.
[?1h=
                            < M A T L A B (R) >
                  Copyright 1984-2019 The MathWorks, Inc.
              R2019b Update 5 (9.7.0.1319299) 64-bit (glnxa64)
                             February 19, 2020

 
To get started, type doc.
For product information, visit www.mathworks.com.
 
[H[2J
dataSet =

    'order_const_factor_multifrag_6'


testSet =

  0x0 empty char array


methodNum =

     1


dataSetPath =

    '/home/w328li/MLDSP-desktop/samples/order_const_factor_multifrag_6'


testSetPath =

    '/home/w328li/MLDSP-desktop/samples/'

Reading sequences .... 
display cluster name
o__Acetobacterales
display cluster name
o__Acholeplasmatales
display cluster name
o__Bacillales
display cluster name
o__Burkholderiales
display cluster name
o__Caulobacterales
display cluster name
o__Christensenellales
display cluster name
o__Chromatiales
display cluster name
o__Clostridiales
display cluster name
o__Ectothiorhodospirales
display cluster name
o__Lachnospirales
display cluster name
o__Mycobacteriales
display cluster name
o__Mycoplasmatales
display cluster name
o__Oscillospirales
display cluster name
o__Peptostreptococcales
display cluster name
o__Tissierellales
Starting parallel pool (parpool) using the 'local' profile ...
Connected to the parallel pool (number of workers: 12).
Computing Distance matrix .... 
Performing classification .... 
(3,10):1
(6,13):1
(7,4):1
(8,6):1
(10,8):1
(13,10):1
(14,8):1
(14,10):2
(14,15):1
(15,14):1
testInd = 13 15 23 29 32 41 43 48 53 54 111 146 149 152 163 167 171 177 195 214 230 253 254 255 257 270 276 293 294 295 303 304 307 308 309 310 312 332 338 362 369 400 414 417 440 448 449 472 476 478 486 491 494 509 524 533 534 551 555 563 572 578 582 583 606 615 618 626 642 643 646 652 656 675 689 700 710 714 723 738 753 761 766 780 786 809 814 826 827 838 844 854 858 871 875 878 891 893 900 917 945 947 951 956 957 972 976 979 985 999 1007 1009 1023 1027 1032 1045 1046 1054 1063 1068 1094 1100 1105 1122 1126 1127 1136 1140 1145 1165 1221 1227 1232 1233 1240 1272 1274 1279 1283 1284 1299 1310 1313 1326 1328 1330 1342 1346 1348 1351 1352 1365 1375 1394 1402 1421 1453 1458 1462 1467 1485 1504 1505 1511 1518 1544 1569 1574 1577 1587 1590 1603 1607 1639 1644 1653 1677 1693 1699 1700 1706 1726 1758 1793 1802 1812 1814 1816 1827 1832 1853 1856 1885 1890 1891 1897 1902 1908 1920 1921 1926 1937 1949 1955 1959 1962 1969 1970 1976 1980 2007 2033 2038 2045 2048 2049 2077 2079 2080 2081 2083 2084 2086 2096 2108 2112 2114 2124 2125 2129 2137 2148 2158 2162 2166 2202 2206 2225 2229 2230 2232 2241 2244 2247 2255 2258 2267 2278 2280 2329 2362 2376 2377 2394 2401 2412 2425 2427 2428 2429 2446 2467 2474 2475 2489 2493 2504 2534 2543 2552 2564 2575 2590 2594 2606 2611 2623 2626 2639 2646 2668 2689 2690 2699 2714 2720 2738 2741 2750 2753 2764 2800 2808 2815 2816 2832 2834 2841 2842 2848 2851 2860 2867 2878 2881 2885 2895 2901 2902 2905 2921 2922 2947 2954 2960 2965 2974 2975 2980 2992 2997 3000 3005 3017 3023 3025 3046 3057 3064 3075 3099 3107 3109 3121 3134 3136 3161 3169 3178 3182 3200 3225 3237 3255 3321 3337 3365 3381 3395 3396 3420 3431 3433 3435 3445 3452 3459 3512 3515 3537 3550 3553 3559 3560 3568 3574 3593 3600 3602 3603 3615 3623 3628 3650 3654 3660 3664 3671 3693 3715 3721 3722 3735 3743 3776 3780 3781 3795 3809 3840 3853 3856 3869 3874 3898 3901 3916 3925 3931 3937 3943 3944 3950 3959 3978 3979 3989 4016 4028 4038 4057 4058 4066 4073 4092 4096 4131 4135 4142 4145 4182 4191 4238 4240 4244 4246 4252 4261 4276 4277 4292 4315 4317 4325 4329 4378 4398 4403 4410 4414 4423 4454 4500 4505 4506 4513 4528 4534 4567 4587 4597 4598 4610 4625 4632 4643 4644 4646 4667 4668 4670 4672 4676 4682 4689 4699 4707 4715 4719 4721 4726 4741 4742 4795 4796 4806 4817 4823 4826 4828 4839 4840 4844 4847 4849 4861 4869 4871 4877 4888
predicted is: 10, ref is 3 
fileId is:    '/home/w328li/MLDSP-desktop/samples/order_const_factor_multifrag_6/o__Bacillales/RS_GCF_002993335.1.fasta'

predicted is: 13, ref is 6 
fileId is:    '/home/w328li/MLDSP-desktop/samples/order_const_factor_multifrag_6/o__Christensenellales/RS_GCF_900155415.1.fasta'

predicted is: 4, ref is 7 
fileId is:    '/home/w328li/MLDSP-desktop/samples/order_const_factor_multifrag_6/o__Chromatiales/GB_GCA_001044195.1.fasta'

predicted is: 6, ref is 8 
fileId is:    '/home/w328li/MLDSP-desktop/samples/order_const_factor_multifrag_6/o__Clostridiales/RS_GCF_002838815.1.fasta'

predicted is: 8, ref is 10 
fileId is:    '/home/w328li/MLDSP-desktop/samples/order_const_factor_multifrag_6/o__Lachnospirales/GB_GCA_002381865.1.fasta'

predicted is: 10, ref is 13 
fileId is:    '/home/w328li/MLDSP-desktop/samples/order_const_factor_multifrag_6/o__Oscillospirales/GB_GCA_003518885.1.fasta'

predicted is: 15, ref is 14 
fileId is:    '/home/w328li/MLDSP-desktop/samples/order_const_factor_multifrag_6/o__Peptostreptococcales/GB_GCA_002869095.1.fasta'

predicted is: 10, ref is 14 
fileId is:    '/home/w328li/MLDSP-desktop/samples/order_const_factor_multifrag_6/o__Peptostreptococcales/GB_GCA_900318155.1.fasta'

predicted is: 8, ref is 14 
fileId is:    '/home/w328li/MLDSP-desktop/samples/order_const_factor_multifrag_6/o__Peptostreptococcales/RS_GCF_000426305.1.fasta'

predicted is: 10, ref is 14 
fileId is:    '/home/w328li/MLDSP-desktop/samples/order_const_factor_multifrag_6/o__Peptostreptococcales/RS_GCF_001748365.1.fasta'

predicted is: 14, ref is 15 
fileId is:    '/home/w328li/MLDSP-desktop/samples/order_const_factor_multifrag_6/o__Tissierellales/RS_GCF_000620125.1.fasta'

(5,4):1
(6,3):1
(7,4):1
(9,4):1
(10,14):1
(13,6):1
(13,10):1
(14,10):2
(14,15):1
testInd = 31 42 59 63 85 86 88 91 93 96 104 131 135 141 155 156 172 173 219 234 260 266 273 283 305 317 322 328 335 350 355 356 360 377 401 432 433 434 437 441 445 450 455 466 469 483 490 493 504 505 510 513 517 522 529 537 549 557 567 577 589 593 598 602 604 607 622 639 650 666 677 678 684 695 697 703 706 731 741 751 762 764 765 770 776 781 785 797 831 834 837 843 851 879 886 894 904 925 930 935 949 952 975 987 990 996 1015 1025 1035 1062 1066 1070 1092 1115 1119 1134 1146 1163 1170 1192 1193 1194 1195 1204 1212 1216 1259 1269 1281 1295 1305 1311 1312 1314 1316 1331 1339 1344 1362 1364 1368 1387 1392 1396 1401 1423 1425 1441 1445 1448 1457 1469 1473 1480 1488 1496 1499 1501 1517 1528 1534 1555 1565 1571 1581 1598 1610 1628 1645 1662 1663 1673 1698 1756 1759 1783 1784 1792 1807 1813 1833 1837 1873 1898 1907 1916 1917 1925 1933 1934 1935 1945 1966 1971 1991 2013 2019 2027 2035 2060 2071 2094 2102 2128 2151 2161 2163 2191 2201 2208 2213 2240 2246 2261 2274 2290 2315 2319 2328 2341 2359 2413 2421 2422 2423 2438 2445 2450 2457 2465 2478 2481 2498 2499 2508 2517 2523 2527 2531 2538 2550 2554 2559 2577 2580 2587 2598 2608 2635 2640 2648 2657 2658 2661 2663 2666 2671 2679 2683 2686 2696 2698 2716 2746 2776 2782 2787 2795 2796 2823 2825 2857 2889 2893 2896 2897 2899 2914 2927 2948 2971 2977 2989 3009 3011 3013 3021 3027 3038 3045 3053 3056 3067 3069 3071 3072 3082 3083 3103 3120 3125 3127 3132 3135 3149 3157 3183 3185 3191 3205 3219 3220 3264 3279 3285 3289 3322 3325 3336 3342 3375 3376 3398 3405 3418 3447 3448 3464 3474 3475 3477 3480 3481 3483 3484 3490 3500 3508 3510 3542 3544 3556 3558 3590 3594 3601 3607 3618 3620 3631 3634 3641 3643 3645 3656 3670 3672 3675 3678 3688 3712 3713 3716 3719 3720 3724 3731 3733 3745 3755 3761 3764 3771 3774 3783 3784 3797 3803 3820 3826 3828 3837 3846 3854 3866 3871 3878 3885 3887 3946 3947 3948 3956 3973 3974 3983 4007 4020 4025 4032 4034 4035 4043 4053 4054 4064 4094 4106 4118 4119 4120 4127 4143 4170 4172 4175 4177 4183 4187 4190 4228 4247 4262 4272 4278 4285 4298 4302 4308 4327 4354 4355 4358 4379 4382 4391 4392 4395 4396 4424 4426 4434 4451 4456 4467 4478 4479 4498 4502 4508 4546 4560 4565 4570 4574 4579 4589 4609 4621 4631 4634 4641 4647 4649 4651 4663 4671 4674 4675 4708 4709 4712 4733 4734 4737 4743 4747 4788 4797 4813 4821 4824 4833 4846 4851 4853 4857 4873 4889 4894 4896
predicted is: 4, ref is 5 
fileId is:    '/home/w328li/MLDSP-desktop/samples/order_const_factor_multifrag_6/o__Caulobacterales/GB_GCA_002732905.1.fasta'

predicted is: 3, ref is 6 
fileId is:    '/home/w328li/MLDSP-desktop/samples/order_const_factor_multifrag_6/o__Christensenellales/GB_GCA_900315315.1.fasta'

predicted is: 4, ref is 7 
fileId is:    '/home/w328li/MLDSP-desktop/samples/order_const_factor_multifrag_6/o__Chromatiales/RS_GCF_002009425.1.fasta'

predicted is: 4, ref is 9 
fileId is:    '/home/w328li/MLDSP-desktop/samples/order_const_factor_multifrag_6/o__Ectothiorhodospirales/RS_GCF_001753165.1.fasta'

predicted is: 14, ref is 10 
fileId is:    '/home/w328li/MLDSP-desktop/samples/order_const_factor_multifrag_6/o__Lachnospirales/GB_GCA_900317755.1.fasta'

predicted is: 10, ref is 13 
fileId is:    '/home/w328li/MLDSP-desktop/samples/order_const_factor_multifrag_6/o__Oscillospirales/GB_GCA_002372375.1.fasta'

predicted is: 6, ref is 13 
fileId is:    '/home/w328li/MLDSP-desktop/samples/order_const_factor_multifrag_6/o__Oscillospirales/RS_GCF_900155735.1.fasta'

predicted is: 10, ref is 14 
fileId is:    '/home/w328li/MLDSP-desktop/samples/order_const_factor_multifrag_6/o__Peptostreptococcales/GB_GCA_002439735.1.fasta'

predicted is: 15, ref is 14 
fileId is:    '/home/w328li/MLDSP-desktop/samples/order_const_factor_multifrag_6/o__Peptostreptococcales/RS_GCF_001282725.1.fasta'

predicted is: 10, ref is 14 
fileId is:    '/home/w328li/MLDSP-desktop/samples/order_const_factor_multifrag_6/o__Peptostreptococcales/RS_GCF_001750685.1.fasta'

(2,12):1
(2,14):1
(6,10):1
(6,13):4
(7,4):2
(11,4):2
(14,10):1
(14,15):2
(15,13):1
(15,14):1
testInd = 7 8 22 40 51 67 77 87 92 102 103 115 124 132 136 162 189 198 212 218 240 247 251 268 278 286 291 300 306 330 337 348 366 372 385 393 399 404 409 420 421 444 446 447 473 482 484 488 542 545 553 560 585 617 627 634 638 640 644 671 672 679 683 686 720 724 729 767 787 788 789 799 821 832 859 873 877 888 902 907 911 936 963 968 977 1012 1036 1044 1056 1064 1085 1086 1096 1106 1107 1108 1118 1128 1139 1148 1175 1181 1184 1186 1214 1218 1249 1250 1253 1261 1265 1270 1294 1298 1377 1386 1397 1406 1412 1420 1426 1442 1443 1446 1461 1487 1508 1522 1525 1526 1533 1538 1539 1559 1582 1617 1624 1640 1666 1676 1678 1684 1688 1697 1704 1708 1709 1717 1728 1731 1749 1751 1753 1754 1766 1769 1776 1778 1791 1794 1796 1797 1798 1823 1826 1838 1839 1840 1849 1862 1864 1865 1869 1881 1884 1893 1895 1914 1922 1924 1932 1938 1946 1952 1965 1998 1999 2005 2015 2042 2047 2050 2057 2063 2064 2065 2082 2087 2092 2097 2107 2130 2135 2154 2160 2181 2185 2188 2190 2207 2214 2217 2221 2238 2245 2252 2265 2275 2293 2300 2302 2306 2318 2322 2324 2336 2340 2342 2348 2349 2357 2374 2378 2382 2383 2385 2386 2405 2442 2443 2451 2455 2459 2479 2492 2495 2500 2570 2613 2620 2624 2628 2631 2633 2634 2647 2655 2669 2684 2691 2697 2700 2715 2718 2719 2721 2723 2726 2731 2743 2747 2758 2768 2797 2807 2812 2819 2828 2839 2845 2846 2852 2854 2873 2886 2910 2913 2916 2918 2928 2929 2943 2944 2945 2959 2961 2979 2984 2990 3006 3008 3020 3033 3035 3042 3044 3062 3063 3066 3088 3089 3094 3108 3126 3138 3139 3142 3147 3148 3163 3168 3170 3172 3188 3193 3206 3211 3212 3217 3218 3232 3236 3246 3247 3254 3267 3269 3276 3288 3292 3295 3298 3299 3300 3309 3311 3316 3335 3360 3380 3386 3423 3426 3436 3443 3466 3478 3487 3488 3495 3497 3498 3518 3535 3541 3543 3609 3610 3629 3644 3657 3666 3673 3677 3680 3687 3691 3708 3709 3730 3738 3739 3740 3752 3786 3789 3822 3831 3835 3839 3852 3860 3870 3882 3884 3915 3928 3940 3942 3953 3971 3972 3977 3981 3982 4008 4048 4055 4059 4060 4082 4105 4107 4112 4116 4123 4132 4152 4153 4159 4178 4181 4185 4197 4199 4208 4210 4250 4251 4257 4258 4263 4295 4297 4300 4313 4322 4328 4346 4367 4372 4389 4390 4394 4402 4411 4416 4437 4449 4457 4473 4492 4504 4515 4521 4523 4529 4531 4537 4542 4548 4553 4562 4583 4595 4599 4630 4654 4669 4688 4711 4725 4739 4751 4753 4758 4763 4766 4771 4787 4789 4790 4830 4835 4837 4862 4867 4870 4874 4881 4882
predicted is: 14, ref is 2 
fileId is:    '/home/w328li/MLDSP-desktop/samples/order_const_factor_multifrag_6/o__Acholeplasmatales/GB_GCA_002422045.1.fasta'

predicted is: 12, ref is 2 
fileId is:    '/home/w328li/MLDSP-desktop/samples/order_const_factor_multifrag_6/o__Acholeplasmatales/GB_GCA_003249785.1.fasta'

predicted is: 13, ref is 6 
fileId is:    '/home/w328li/MLDSP-desktop/samples/order_const_factor_multifrag_6/o__Christensenellales/GB_GCA_002395225.1.fasta'

predicted is: 13, ref is 6 
fileId is:    '/home/w328li/MLDSP-desktop/samples/order_const_factor_multifrag_6/o__Christensenellales/GB_GCA_002411105.1.fasta'

predicted is: 13, ref is 6 
fileId is:    '/home/w328li/MLDSP-desktop/samples/order_const_factor_multifrag_6/o__Christensenellales/GB_GCA_002435915.1.fasta'

predicted is: 13, ref is 6 
fileId is:    '/home/w328li/MLDSP-desktop/samples/order_const_factor_multifrag_6/o__Christensenellales/GB_GCA_900319345.1.fasta'

predicted is: 10, ref is 6 
fileId is:    '/home/w328li/MLDSP-desktop/samples/order_const_factor_multifrag_6/o__Christensenellales/GB_GCA_900321565.1.fasta'

predicted is: 4, ref is 7 
fileId is:    '/home/w328li/MLDSP-desktop/samples/order_const_factor_multifrag_6/o__Chromatiales/RS_GCF_000787395.1.fasta'

predicted is: 4, ref is 7 
fileId is:    '/home/w328li/MLDSP-desktop/samples/order_const_factor_multifrag_6/o__Chromatiales/RS_GCF_002958735.1.fasta'

predicted is: 4, ref is 11 
fileId is:    '/home/w328li/MLDSP-desktop/samples/order_const_factor_multifrag_6/o__Mycobacteriales/RS_GCF_000379705.1.fasta'

predicted is: 4, ref is 11 
fileId is:    '/home/w328li/MLDSP-desktop/samples/order_const_factor_multifrag_6/o__Mycobacteriales/RS_GCF_000980835.1.fasta'

predicted is: 10, ref is 14 
fileId is:    '/home/w328li/MLDSP-desktop/samples/order_const_factor_multifrag_6/o__Peptostreptococcales/GB_GCA_002392265.1.fasta'

predicted is: 15, ref is 14 
fileId is:    '/home/w328li/MLDSP-desktop/samples/order_const_factor_multifrag_6/o__Peptostreptococcales/RS_GCF_001562415.1.fasta'

predicted is: 15, ref is 14 
fileId is:    '/home/w328li/MLDSP-desktop/samples/order_const_factor_multifrag_6/o__Peptostreptococcales/RS_GCF_900112955.1.fasta'

predicted is: 14, ref is 15 
fileId is:    '/home/w328li/MLDSP-desktop/samples/order_const_factor_multifrag_6/o__Tissierellales/RS_GCF_000299355.1.fasta'

predicted is: 13, ref is 15 
fileId is:    '/home/w328li/MLDSP-desktop/samples/order_const_factor_multifrag_6/o__Tissierellales/RS_GCF_001855385.1.fasta'

(1,5):1
(6,10):1
(6,13):1
(7,4):2
(9,4):1
(10,13):1
(10,14):1
(13,10):1
(14,10):5
(14,15):1
(15,8):1
(15,14):2
testInd = 1 10 25 26 45 47 50 52 55 61 65 72 94 98 116 117 130 133 138 144 166 183 185 186 190 194 202 208 227 237 239 249 263 275 289 296 299 314 319 320 342 343 349 368 396 407 411 412 426 435 442 463 475 500 507 530 535 540 552 564 565 574 587 595 603 612 655 674 681 682 694 722 742 768 772 773 790 802 805 808 812 817 830 833 840 856 861 863 864 867 874 876 884 892 898 903 906 908 919 937 964 980 986 988 1003 1008 1024 1030 1037 1038 1043 1048 1089 1093 1095 1103 1117 1149 1150 1153 1155 1159 1174 1176 1179 1180 1189 1202 1215 1228 1234 1237 1239 1256 1262 1263 1285 1289 1293 1300 1318 1337 1340 1341 1350 1367 1379 1383 1393 1405 1407 1417 1430 1434 1435 1440 1450 1459 1470 1475 1478 1482 1486 1493 1529 1530 1545 1546 1547 1549 1551 1552 1599 1601 1604 1619 1629 1633 1634 1635 1636 1638 1646 1657 1661 1670 1674 1681 1689 1695 1703 1705 1707 1713 1719 1721 1729 1741 1748 1773 1779 1790 1800 1804 1811 1822 1825 1834 1876 1886 1905 1910 1918 1923 1928 1953 1961 2000 2006 2014 2030 2053 2061 2091 2139 2140 2165 2171 2172 2173 2174 2194 2196 2216 2226 2242 2256 2268 2269 2289 2296 2312 2323 2358 2364 2366 2367 2384 2397 2402 2403 2404 2410 2432 2436 2449 2453 2460 2464 2471 2473 2483 2485 2491 2510 2515 2519 2525 2526 2535 2542 2548 2557 2558 2636 2643 2644 2665 2685 2687 2744 2762 2765 2784 2790 2791 2799 2821 2829 2835 2849 2855 2861 2864 2865 2874 2883 2904 2907 2917 2932 2934 2981 2996 3002 3051 3086 3092 3097 3187 3198 3229 3242 3248 3249 3257 3283 3297 3313 3319 3328 3329 3332 3338 3341 3346 3353 3374 3385 3407 3427 3428 3429 3449 3454 3458 3460 3468 3471 3499 3522 3530 3531 3536 3545 3547 3557 3566 3586 3592 3616 3626 3633 3637 3639 3652 3653 3667 3696 3697 3698 3729 3741 3763 3767 3769 3779 3796 3807 3816 3818 3842 3845 3859 3880 3903 3907 3909 3914 3962 3969 3991 3999 4000 4004 4005 4011 4014 4019 4031 4037 4045 4046 4067 4068 4070 4071 4101 4102 4126 4133 4148 4149 4151 4160 4165 4174 4186 4192 4202 4213 4217 4222 4226 4245 4256 4269 4271 4282 4283 4284 4296 4303 4306 4307 4311 4318 4341 4350 4357 4360 4373 4376 4399 4404 4408 4421 4429 4432 4470 4472 4480 4481 4485 4503 4522 4524 4532 4533 4555 4563 4572 4577 4578 4581 4582 4588 4593 4600 4611 4614 4620 4627 4629 4640 4650 4653 4659 4661 4666 4696 4698 4757 4760 4772 4774 4776 4778 4781 4811 4831 4832 4836 4841 4852 4859 4865 4885 4891 4893 4895
predicted is: 5, ref is 1 
fileId is:    '/home/w328li/MLDSP-desktop/samples/order_const_factor_multifrag_6/o__Acetobacterales/GB_GCA_000759655.1.fasta'

predicted is: 10, ref is 6 
fileId is:    '/home/w328li/MLDSP-desktop/samples/order_const_factor_multifrag_6/o__Christensenellales/GB_GCA_002309235.1.fasta'

predicted is: 13, ref is 6 
fileId is:    '/home/w328li/MLDSP-desktop/samples/order_const_factor_multifrag_6/o__Christensenellales/GB_GCA_003150225.1.fasta'

predicted is: 4, ref is 7 
fileId is:    '/home/w328li/MLDSP-desktop/samples/order_const_factor_multifrag_6/o__Chromatiales/RS_GCF_001469165.1.fasta'

predicted is: 4, ref is 7 
fileId is:    '/home/w328li/MLDSP-desktop/samples/order_const_factor_multifrag_6/o__Chromatiales/RS_GCF_900107145.1.fasta'

predicted is: 4, ref is 9 
fileId is:    '/home/w328li/MLDSP-desktop/samples/order_const_factor_multifrag_6/o__Ectothiorhodospirales/RS_GCF_000754095.2.fasta'

predicted is: 14, ref is 10 
fileId is:    '/home/w328li/MLDSP-desktop/samples/order_const_factor_multifrag_6/o__Lachnospirales/RS_GCF_000154425.1.fasta'

predicted is: 13, ref is 10 
fileId is:    '/home/w328li/MLDSP-desktop/samples/order_const_factor_multifrag_6/o__Lachnospirales/RS_GCF_900129135.1.fasta'

predicted is: 10, ref is 13 
fileId is:    '/home/w328li/MLDSP-desktop/samples/order_const_factor_multifrag_6/o__Oscillospirales/GB_GCA_002295325.1.fasta'

predicted is: 10, ref is 14 
fileId is:    '/home/w328li/MLDSP-desktop/samples/order_const_factor_multifrag_6/o__Peptostreptococcales/GB_GCA_000435615.1.fasta'

predicted is: 10, ref is 14 
fileId is:    '/home/w328li/MLDSP-desktop/samples/order_const_factor_multifrag_6/o__Peptostreptococcales/GB_GCA_002315385.1.fasta'

predicted is: 10, ref is 14 
fileId is:    '/home/w328li/MLDSP-desktop/samples/order_const_factor_multifrag_6/o__Peptostreptococcales/GB_GCA_900315895.1.fasta'

predicted is: 10, ref is 14 
fileId is:    '/home/w328li/MLDSP-desktop/samples/order_const_factor_multifrag_6/o__Peptostreptococcales/GB_GCA_900318105.1.fasta'

predicted is: 10, ref is 14 
fileId is:    '/home/w328li/MLDSP-desktop/samples/order_const_factor_multifrag_6/o__Peptostreptococcales/RS_GCF_900102225.1.fasta'

predicted is: 15, ref is 14 
fileId is:    '/home/w328li/MLDSP-desktop/samples/order_const_factor_multifrag_6/o__Peptostreptococcales/RS_GCF_900167445.1.fasta'

predicted is: 14, ref is 15 
fileId is:    '/home/w328li/MLDSP-desktop/samples/order_const_factor_multifrag_6/o__Tissierellales/RS_GCF_000308275.2.fasta'

predicted is: 8, ref is 15 
fileId is:    '/home/w328li/MLDSP-desktop/samples/order_const_factor_multifrag_6/o__Tissierellales/RS_GCF_000311985.1.fasta'

predicted is: 14, ref is 15 
fileId is:    '/home/w328li/MLDSP-desktop/samples/order_const_factor_multifrag_6/o__Tissierellales/RS_GCF_900142005.1.fasta'

(6,13):1
(7,4):1
(8,15):1
(9,4):2
(10,13):2
(10,14):1
(12,4):1
(14,10):2
(14,13):1
(15,8):1
(15,14):3
testInd = 2 5 18 20 37 71 79 81 101 110 114 121 123 170 175 181 197 242 243 245 246 252 264 279 285 288 324 326 327 336 357 359 367 370 371 375 376 378 383 387 395 406 424 438 453 477 479 485 487 495 502 508 518 525 526 527 536 539 547 554 596 597 608 623 624 631 660 662 673 687 691 692 719 739 740 748 750 752 775 779 791 810 828 860 865 868 881 882 890 905 931 941 946 1002 1010 1018 1020 1039 1065 1073 1074 1076 1078 1080 1097 1102 1110 1112 1144 1152 1162 1166 1177 1205 1229 1235 1246 1255 1257 1260 1271 1273 1275 1276 1278 1280 1287 1288 1290 1336 1354 1372 1385 1389 1410 1427 1431 1444 1451 1456 1479 1498 1503 1509 1512 1520 1527 1541 1548 1561 1570 1575 1580 1588 1611 1621 1626 1637 1649 1652 1656 1665 1667 1680 1691 1716 1740 1744 1760 1762 1764 1767 1780 1831 1836 1845 1847 1851 1859 1868 1871 1874 1878 1906 1930 1954 1957 1963 1973 1988 1994 1996 2023 2034 2040 2044 2046 2068 2085 2105 2127 2131 2132 2141 2150 2156 2175 2177 2204 2205 2209 2233 2257 2266 2284 2287 2294 2297 2301 2320 2335 2344 2365 2387 2389 2392 2414 2418 2439 2448 2452 2454 2468 2470 2477 2488 2496 2512 2514 2518 2533 2545 2553 2569 2573 2578 2581 2589 2596 2603 2610 2612 2652 2664 2672 2680 2701 2752 2771 2772 2775 2778 2780 2801 2806 2809 2811 2813 2817 2820 2836 2840 2875 2879 2887 2892 2915 2931 2933 2936 2938 2946 2962 2963 2967 2985 2986 2987 2988 2999 3015 3026 3028 3036 3054 3090 3111 3131 3140 3154 3156 3162 3164 3165 3201 3214 3224 3239 3244 3245 3250 3251 3258 3260 3265 3274 3303 3315 3354 3358 3372 3382 3383 3384 3402 3403 3411 3414 3424 3425 3439 3451 3472 3476 3485 3486 3494 3501 3502 3509 3511 3514 3520 3529 3548 3551 3555 3567 3572 3573 3575 3579 3582 3585 3589 3595 3617 3619 3625 3655 3663 3669 3674 3684 3689 3705 3711 3726 3732 3744 3746 3747 3751 3770 3782 3788 3793 3798 3799 3805 3810 3814 3830 3833 3844 3855 3858 3875 3881 3889 3890 3895 3896 3904 3908 3919 3921 3923 3934 3939 3951 3952 3955 3957 3963 3970 3992 3996 4001 4003 4009 4029 4041 4061 4072 4074 4086 4113 4114 4122 4124 4125 4136 4138 4141 4173 4180 4195 4196 4201 4207 4215 4273 4280 4299 4305 4312 4320 4333 4334 4342 4375 4381 4388 4407 4418 4440 4458 4459 4461 4468 4486 4487 4490 4493 4497 4525 4530 4550 4575 4584 4586 4594 4601 4607 4615 4635 4637 4656 4686 4704 4706 4714 4716 4728 4736 4759 4761 4765 4792 4801 4802 4807 4827 4854 4875 4879 4884 4892 4901
predicted is: 13, ref is 6 
fileId is:    '/home/w328li/MLDSP-desktop/samples/order_const_factor_multifrag_6/o__Christensenellales/GB_GCA_002309375.1.fasta'

predicted is: 4, ref is 7 
fileId is:    '/home/w328li/MLDSP-desktop/samples/order_const_factor_multifrag_6/o__Chromatiales/GB_GCA_001276605.1.fasta'

predicted is: 15, ref is 8 
fileId is:    '/home/w328li/MLDSP-desktop/samples/order_const_factor_multifrag_6/o__Clostridiales/GB_GCA_003510765.1.fasta'

predicted is: 4, ref is 9 
fileId is:    '/home/w328li/MLDSP-desktop/samples/order_const_factor_multifrag_6/o__Ectothiorhodospirales/RS_GCF_000321415.2.fasta'

predicted is: 4, ref is 9 
fileId is:    '/home/w328li/MLDSP-desktop/samples/order_const_factor_multifrag_6/o__Ectothiorhodospirales/RS_GCF_001753245.1.fasta'

predicted is: 13, ref is 10 
fileId is:    '/home/w328li/MLDSP-desktop/samples/order_const_factor_multifrag_6/o__Lachnospirales/GB_GCA_000436415.1.fasta'

predicted is: 13, ref is 10 
fileId is:    '/home/w328li/MLDSP-desktop/samples/order_const_factor_multifrag_6/o__Lachnospirales/GB_GCA_002316675.1.fasta'

predicted is: 14, ref is 10 
fileId is:    '/home/w328li/MLDSP-desktop/samples/order_const_factor_multifrag_6/o__Lachnospirales/RS_GCF_003043955.1.fasta'

predicted is: 4, ref is 12 
fileId is:    '/home/w328li/MLDSP-desktop/samples/order_const_factor_multifrag_6/o__Mycoplasmatales/RS_GCF_001272835.1.fasta'

predicted is: 13, ref is 14 
fileId is:    '/home/w328li/MLDSP-desktop/samples/order_const_factor_multifrag_6/o__Peptostreptococcales/RS_GCF_000018325.1.fasta'

predicted is: 10, ref is 14 
fileId is:    '/home/w328li/MLDSP-desktop/samples/order_const_factor_multifrag_6/o__Peptostreptococcales/RS_GCF_000147675.1.fasta'

predicted is: 10, ref is 14 
fileId is:    '/home/w328li/MLDSP-desktop/samples/order_const_factor_multifrag_6/o__Peptostreptococcales/RS_GCF_900112915.1.fasta'

predicted is: 14, ref is 15 
fileId is:    '/home/w328li/MLDSP-desktop/samples/order_const_factor_multifrag_6/o__Tissierellales/GB_GCA_002376545.1.fasta'

predicted is: 14, ref is 15 
fileId is:    '/home/w328li/MLDSP-desktop/samples/order_const_factor_multifrag_6/o__Tissierellales/GB_GCA_002431555.1.fasta'

predicted is: 14, ref is 15 
fileId is:    '/home/w328li/MLDSP-desktop/samples/order_const_factor_multifrag_6/o__Tissierellales/GB_GCA_002435835.1.fasta'

predicted is: 8, ref is 15 
fileId is:    '/home/w328li/MLDSP-desktop/samples/order_const_factor_multifrag_6/o__Tissierellales/RS_GCF_900107485.1.fasta'

(6,13):1
(7,4):1
(8,13):1
(8,15):1
(10,13):1
(10,14):2
(12,4):1
(13,10):1
(13,14):2
(14,10):2
(14,15):2
(15,10):1
(15,14):2
testInd = 19 21 24 46 58 74 78 109 122 145 157 158 188 192 207 221 235 250 265 267 271 272 281 292 311 323 347 364 365 379 381 382 410 422 423 427 430 451 452 457 458 461 462 471 489 498 506 532 556 558 561 568 573 576 586 591 601 621 629 632 649 665 680 702 717 727 730 736 743 746 749 756 757 759 778 783 792 793 798 803 813 829 869 872 895 899 914 916 928 929 938 939 940 955 959 961 974 984 997 1005 1006 1016 1019 1059 1067 1099 1113 1116 1143 1154 1164 1183 1188 1196 1219 1223 1231 1238 1247 1251 1264 1282 1297 1302 1307 1308 1309 1319 1327 1332 1343 1349 1356 1363 1373 1374 1391 1398 1403 1409 1411 1415 1438 1460 1472 1490 1497 1500 1502 1514 1536 1550 1556 1557 1558 1566 1585 1589 1608 1613 1615 1623 1625 1631 1632 1647 1658 1664 1701 1710 1711 1723 1734 1736 1752 1774 1775 1787 1795 1801 1808 1809 1821 1850 1883 1904 1911 1912 1947 1975 1993 2011 2021 2024 2032 2051 2075 2090 2099 2101 2118 2119 2144 2145 2157 2164 2187 2203 2211 2212 2215 2228 2235 2239 2259 2271 2272 2273 2276 2279 2286 2305 2310 2313 2316 2321 2333 2334 2346 2353 2355 2363 2372 2373 2375 2400 2407 2408 2430 2434 2435 2456 2469 2484 2494 2497 2505 2513 2520 2521 2539 2555 2579 2593 2595 2597 2604 2618 2621 2645 2670 2676 2682 2688 2693 2695 2703 2722 2728 2739 2740 2749 2751 2779 2785 2814 2831 2833 2844 2853 2862 2872 2876 2877 2880 2888 2903 2909 2935 2937 2941 2969 2973 2983 2991 3019 3031 3041 3052 3055 3076 3077 3080 3084 3087 3098 3100 3115 3128 3145 3167 3180 3184 3186 3197 3202 3204 3221 3228 3233 3273 3307 3308 3334 3343 3347 3359 3371 3397 3406 3413 3417 3419 3432 3438 3442 3446 3461 3465 3467 3470 3473 3489 3493 3503 3504 3516 3517 3524 3525 3576 3577 3578 3580 3581 3583 3588 3591 3608 3638 3649 3683 3728 3742 3750 3762 3772 3775 3787 3792 3801 3823 3849 3865 3888 3899 3900 3912 3913 3917 3924 3926 3929 3936 3958 3975 3980 3985 3990 3995 4006 4010 4018 4021 4033 4047 4051 4062 4063 4090 4100 4103 4108 4110 4128 4140 4150 4154 4155 4158 4161 4164 4193 4198 4216 4219 4223 4230 4232 4234 4242 4248 4259 4260 4266 4267 4268 4291 4309 4310 4324 4332 4335 4338 4339 4344 4347 4351 4356 4361 4363 4366 4412 4413 4441 4442 4443 4445 4463 4465 4469 4489 4494 4501 4510 4511 4514 4516 4520 4540 4547 4557 4559 4566 4585 4602 4613 4619 4660 4680 4683 4692 4693 4705 4720 4727 4738 4740 4777 4779 4783 4785 4809 4829 4845 4866 4883 4890 4899 4900
predicted is: 13, ref is 6 
fileId is:    '/home/w328li/MLDSP-desktop/samples/order_const_factor_multifrag_6/o__Christensenellales/GB_GCA_000435055.1.fasta'

predicted is: 4, ref is 7 
fileId is:    '/home/w328li/MLDSP-desktop/samples/order_const_factor_multifrag_6/o__Chromatiales/GB_GCA_001801995.1.fasta'

predicted is: 13, ref is 8 
fileId is:    '/home/w328li/MLDSP-desktop/samples/order_const_factor_multifrag_6/o__Clostridiales/GB_GCA_002298915.1.fasta'

predicted is: 15, ref is 8 
fileId is:    '/home/w328li/MLDSP-desktop/samples/order_const_factor_multifrag_6/o__Clostridiales/GB_GCA_003497125.1.fasta'

predicted is: 13, ref is 10 
fileId is:    '/home/w328li/MLDSP-desktop/samples/order_const_factor_multifrag_6/o__Lachnospirales/GB_GCA_000432155.1.fasta'

predicted is: 14, ref is 10 
fileId is:    '/home/w328li/MLDSP-desktop/samples/order_const_factor_multifrag_6/o__Lachnospirales/GB_GCA_001797255.1.fasta'

predicted is: 14, ref is 10 
fileId is:    '/home/w328li/MLDSP-desktop/samples/order_const_factor_multifrag_6/o__Lachnospirales/GB_GCA_002007295.1.fasta'

predicted is: 4, ref is 12 
fileId is:    '/home/w328li/MLDSP-desktop/samples/order_const_factor_multifrag_6/o__Mycoplasmatales/RS_GCF_000319365.1.fasta'

predicted is: 14, ref is 13 
fileId is:    '/home/w328li/MLDSP-desktop/samples/order_const_factor_multifrag_6/o__Oscillospirales/GB_GCA_002309175.1.fasta'

predicted is: 10, ref is 13 
fileId is:    '/home/w328li/MLDSP-desktop/samples/order_const_factor_multifrag_6/o__Oscillospirales/GB_GCA_900320605.1.fasta'

predicted is: 14, ref is 13 
fileId is:    '/home/w328li/MLDSP-desktop/samples/order_const_factor_multifrag_6/o__Oscillospirales/RS_GCF_000620945.1.fasta'

predicted is: 10, ref is 14 
fileId is:    '/home/w328li/MLDSP-desktop/samples/order_const_factor_multifrag_6/o__Peptostreptococcales/GB_GCA_002733545.1.fasta'

predicted is: 10, ref is 14 
fileId is:    '/home/w328li/MLDSP-desktop/samples/order_const_factor_multifrag_6/o__Peptostreptococcales/GB_GCA_900315125.1.fasta'

predicted is: 15, ref is 14 
fileId is:    '/home/w328li/MLDSP-desktop/samples/order_const_factor_multifrag_6/o__Peptostreptococcales/RS_GCF_000146855.1.fasta'

predicted is: 15, ref is 14 
fileId is:    '/home/w328li/MLDSP-desktop/samples/order_const_factor_multifrag_6/o__Peptostreptococcales/RS_GCF_900167215.1.fasta'

predicted is: 14, ref is 15 
fileId is:    '/home/w328li/MLDSP-desktop/samples/order_const_factor_multifrag_6/o__Tissierellales/GB_GCA_001509345.1.fasta'

predicted is: 14, ref is 15 
fileId is:    '/home/w328li/MLDSP-desktop/samples/order_const_factor_multifrag_6/o__Tissierellales/RS_GCF_001730685.1.fasta'

predicted is: 10, ref is 15 
fileId is:    '/home/w328li/MLDSP-desktop/samples/order_const_factor_multifrag_6/o__Tissierellales/RS_GCF_900120375.1.fasta'

(1,3):1
(1,4):1
(5,4):1
(6,10):1
(6,13):3
(8,15):1
(10,13):1
(10,15):1
(11,4):1
(13,10):1
(14,15):1
(15,14):1
testInd = 11 16 27 44 62 66 75 76 83 84 90 95 100 106 112 119 120 140 143 147 153 154 179 193 204 215 220 225 228 236 256 259 269 284 290 315 351 352 353 361 390 394 405 418 428 454 460 464 470 503 514 519 543 546 559 566 570 579 580 620 625 635 648 658 659 667 685 704 705 715 732 734 735 747 760 763 784 794 800 807 811 820 836 839 841 847 866 880 887 918 927 932 933 948 958 965 966 967 969 973 978 989 991 992 993 994 1001 1011 1021 1052 1053 1055 1057 1058 1075 1082 1083 1084 1087 1121 1125 1131 1132 1141 1151 1158 1160 1203 1230 1252 1254 1258 1266 1267 1324 1334 1338 1358 1359 1361 1366 1380 1395 1416 1418 1428 1436 1449 1452 1454 1455 1471 1489 1491 1494 1516 1521 1524 1554 1560 1568 1572 1573 1592 1616 1620 1627 1654 1655 1659 1679 1682 1686 1692 1696 1712 1714 1718 1730 1732 1735 1750 1761 1763 1771 1781 1782 1799 1817 1842 1844 1861 1877 1888 1901 1909 1931 1942 1943 1948 1958 1977 1982 1984 1995 2012 2041 2054 2056 2058 2070 2073 2074 2089 2093 2133 2143 2159 2167 2170 2176 2179 2182 2183 2192 2193 2218 2219 2220 2222 2243 2263 2285 2303 2317 2326 2330 2338 2345 2350 2352 2356 2371 2379 2380 2381 2391 2395 2426 2437 2461 2462 2486 2490 2503 2530 2536 2541 2546 2561 2565 2574 2584 2585 2607 2616 2625 2627 2630 2632 2650 2651 2677 2692 2694 2713 2730 2755 2756 2763 2767 2769 2773 2777 2794 2798 2804 2824 2830 2837 2882 2884 2891 2912 2920 2925 2940 2942 2949 2952 2955 2968 2978 2982 2995 3007 3018 3030 3034 3047 3050 3068 3091 3101 3105 3116 3122 3158 3171 3175 3176 3208 3216 3222 3226 3235 3243 3252 3270 3271 3272 3277 3280 3286 3296 3302 3326 3339 3344 3366 3373 3378 3401 3404 3408 3412 3416 3421 3422 3444 3453 3457 3462 3492 3513 3523 3538 3564 3565 3587 3604 3612 3624 3640 3668 3685 3694 3700 3703 3707 3714 3717 3727 3754 3766 3768 3773 3800 3806 3813 3821 3824 3827 3861 3864 3868 3873 3876 3961 3965 3968 3976 3998 4012 4015 4027 4030 4036 4049 4069 4076 4077 4080 4083 4084 4091 4099 4104 4121 4156 4166 4194 4200 4203 4209 4218 4220 4235 4236 4249 4253 4254 4265 4281 4288 4290 4301 4326 4331 4345 4370 4374 4380 4383 4384 4406 4430 4433 4439 4448 4452 4484 4488 4499 4518 4526 4544 4554 4556 4558 4561 4564 4568 4580 4591 4596 4603 4605 4608 4618 4624 4626 4628 4633 4636 4642 4648 4695 4702 4703 4713 4723 4724 4732 4735 4746 4750 4754 4756 4769 4786 4804 4805 4810 4812 4819 4838 4872 4878 4880
predicted is: 3, ref is 1 
fileId is:    '/home/w328li/MLDSP-desktop/samples/order_const_factor_multifrag_6/o__Acetobacterales/RS_GCF_000231445.1.fasta'

predicted is: 4, ref is 1 
fileId is:    '/home/w328li/MLDSP-desktop/samples/order_const_factor_multifrag_6/o__Acetobacterales/RS_GCF_003202795.1.fasta'

predicted is: 4, ref is 5 
fileId is:    '/home/w328li/MLDSP-desktop/samples/order_const_factor_multifrag_6/o__Caulobacterales/RS_GCF_000023785.1.fasta'

predicted is: 13, ref is 6 
fileId is:    '/home/w328li/MLDSP-desktop/samples/order_const_factor_multifrag_6/o__Christensenellales/GB_GCA_001940845.1.fasta'

predicted is: 13, ref is 6 
fileId is:    '/home/w328li/MLDSP-desktop/samples/order_const_factor_multifrag_6/o__Christensenellales/GB_GCA_002315655.1.fasta'

predicted is: 13, ref is 6 
fileId is:    '/home/w328li/MLDSP-desktop/samples/order_const_factor_multifrag_6/o__Christensenellales/GB_GCA_002329665.1.fasta'

predicted is: 10, ref is 6 
fileId is:    '/home/w328li/MLDSP-desktop/samples/order_const_factor_multifrag_6/o__Christensenellales/GB_GCA_900321295.1.fasta'

predicted is: 15, ref is 8 
fileId is:    '/home/w328li/MLDSP-desktop/samples/order_const_factor_multifrag_6/o__Clostridiales/RS_GCF_001317355.1.fasta'

predicted is: 13, ref is 10 
fileId is:    '/home/w328li/MLDSP-desktop/samples/order_const_factor_multifrag_6/o__Lachnospirales/GB_GCA_002372875.1.fasta'

predicted is: 15, ref is 10 
fileId is:    '/home/w328li/MLDSP-desktop/samples/order_const_factor_multifrag_6/o__Lachnospirales/RS_GCF_001466305.1.fasta'

predicted is: 4, ref is 11 
fileId is:    '/home/w328li/MLDSP-desktop/samples/order_const_factor_multifrag_6/o__Mycobacteriales/RS_GCF_000428805.1.fasta'

predicted is: 10, ref is 13 
fileId is:    '/home/w328li/MLDSP-desktop/samples/order_const_factor_multifrag_6/o__Oscillospirales/GB_GCA_000435275.1.fasta'

predicted is: 15, ref is 14 
fileId is:    '/home/w328li/MLDSP-desktop/samples/order_const_factor_multifrag_6/o__Peptostreptococcales/RS_GCF_900101495.1.fasta'

predicted is: 14, ref is 15 
fileId is:    '/home/w328li/MLDSP-desktop/samples/order_const_factor_multifrag_6/o__Tissierellales/GB_GCA_003446975.1.fasta'

(6,13):1
(7,4):1
(7,9):1
(8,15):1
(9,4):2
(14,10):4
testInd = 9 28 30 33 39 68 82 97 108 113 118 125 127 128 129 161 164 168 178 184 187 201 203 205 213 226 238 248 298 318 331 333 340 344 386 391 392 415 425 459 465 467 474 497 511 515 516 541 550 575 600 610 613 614 628 645 647 653 657 664 668 669 676 698 701 707 713 728 754 769 771 796 806 816 825 835 846 848 852 853 862 883 912 915 921 926 943 953 970 998 1000 1004 1014 1022 1028 1031 1033 1034 1040 1041 1042 1047 1061 1069 1072 1077 1098 1120 1123 1138 1147 1156 1169 1187 1190 1201 1206 1217 1222 1224 1242 1244 1268 1325 1329 1333 1345 1357 1360 1369 1378 1382 1384 1388 1414 1424 1429 1439 1464 1466 1492 1515 1523 1537 1542 1553 1563 1567 1583 1584 1594 1606 1609 1642 1648 1668 1672 1694 1722 1724 1733 1737 1743 1747 1785 1786 1789 1803 1805 1810 1824 1828 1830 1858 1875 1879 1892 1919 1929 1940 1956 1960 1968 1981 1985 1987 1990 2003 2009 2025 2026 2037 2039 2067 2069 2076 2095 2103 2106 2111 2115 2116 2122 2138 2147 2152 2153 2155 2168 2180 2186 2197 2199 2210 2223 2227 2231 2236 2237 2248 2251 2253 2254 2277 2282 2298 2308 2309 2311 2325 2331 2332 2339 2351 2354 2360 2361 2388 2390 2406 2420 2424 2440 2441 2444 2447 2463 2466 2487 2502 2506 2537 2547 2549 2560 2568 2586 2588 2601 2605 2609 2615 2641 2642 2653 2659 2662 2702 2704 2707 2710 2712 2717 2735 2736 2737 2742 2748 2754 2761 2766 2770 2781 2783 2788 2818 2822 2826 2827 2847 2856 2859 2869 2870 2894 2898 2911 2919 2939 2951 2956 2957 2958 3001 3010 3032 3037 3039 3040 3059 3060 3070 3074 3093 3102 3110 3113 3123 3130 3143 3146 3155 3160 3177 3179 3203 3215 3227 3238 3240 3259 3261 3266 3284 3290 3291 3301 3304 3312 3320 3323 3330 3340 3345 3348 3350 3351 3352 3369 3370 3379 3387 3388 3390 3393 3430 3434 3437 3527 3532 3540 3549 3561 3563 3571 3584 3597 3622 3627 3658 3679 3701 3702 3706 3718 3749 3759 3760 3778 3790 3819 3825 3834 3836 3841 3843 3847 3850 3862 3872 3883 3902 3906 3918 3932 3935 3938 3941 3945 3949 3967 3984 3987 3993 3997 4002 4017 4039 4040 4081 4087 4088 4093 4097 4109 4115 4129 4137 4139 4163 4168 4176 4179 4184 4205 4212 4221 4225 4229 4241 4243 4255 4264 4275 4279 4293 4294 4323 4340 4348 4364 4368 4385 4393 4400 4409 4420 4428 4431 4435 4438 4446 4450 4475 4476 4482 4517 4536 4538 4541 4576 4592 4612 4616 4617 4622 4652 4655 4665 4677 4678 4681 4685 4687 4718 4722 4744 4748 4768 4791 4798 4800 4842 4850 4855 4858 4868 4876 4897 4903
predicted is: 13, ref is 6 
fileId is:    '/home/w328li/MLDSP-desktop/samples/order_const_factor_multifrag_6/o__Christensenellales/GB_GCA_003150515.1.fasta'

predicted is: 9, ref is 7 
fileId is:    '/home/w328li/MLDSP-desktop/samples/order_const_factor_multifrag_6/o__Chromatiales/RS_GCF_000801295.1.fasta'

predicted is: 4, ref is 7 
fileId is:    '/home/w328li/MLDSP-desktop/samples/order_const_factor_multifrag_6/o__Chromatiales/RS_GCF_000828615.1.fasta'

predicted is: 15, ref is 8 
fileId is:    '/home/w328li/MLDSP-desktop/samples/order_const_factor_multifrag_6/o__Clostridiales/GB_GCA_002428605.1.fasta'

predicted is: 4, ref is 9 
fileId is:    '/home/w328li/MLDSP-desktop/samples/order_const_factor_multifrag_6/o__Ectothiorhodospirales/RS_GCF_001975725.1.fasta'

predicted is: 4, ref is 9 
fileId is:    '/home/w328li/MLDSP-desktop/samples/order_const_factor_multifrag_6/o__Ectothiorhodospirales/RS_GCF_900156225.1.fasta'

predicted is: 10, ref is 14 
fileId is:    '/home/w328li/MLDSP-desktop/samples/order_const_factor_multifrag_6/o__Peptostreptococcales/GB_GCA_001897605.1.fasta'

predicted is: 10, ref is 14 
fileId is:    '/home/w328li/MLDSP-desktop/samples/order_const_factor_multifrag_6/o__Peptostreptococcales/GB_GCA_002329675.1.fasta'

predicted is: 10, ref is 14 
fileId is:    '/home/w328li/MLDSP-desktop/samples/order_const_factor_multifrag_6/o__Peptostreptococcales/GB_GCA_002455605.1.fasta'

predicted is: 10, ref is 14 
fileId is:    '/home/w328li/MLDSP-desktop/samples/order_const_factor_multifrag_6/o__Peptostreptococcales/GB_GCA_003542355.1.fasta'

(1,4):1
(6,13):2
(8,15):1
(9,4):1
(13,10):1
(13,14):1
(14,10):3
(14,13):1
(14,15):1
(15,10):2
(15,14):1
testInd = 17 34 36 49 57 64 73 89 126 134 137 148 151 160 165 180 191 196 199 200 209 217 222 231 232 244 258 261 274 280 282 301 302 313 325 329 358 373 384 389 398 413 416 431 436 439 468 480 496 501 523 531 569 571 581 584 592 609 619 633 637 670 688 699 712 721 733 737 745 755 804 819 822 823 850 855 857 896 897 909 920 923 944 950 954 960 981 983 995 1013 1026 1049 1051 1060 1071 1091 1101 1104 1111 1124 1161 1167 1171 1172 1198 1199 1200 1210 1213 1225 1241 1286 1303 1317 1322 1323 1335 1353 1370 1371 1376 1390 1404 1408 1413 1422 1432 1433 1437 1447 1468 1474 1481 1483 1484 1495 1506 1507 1510 1519 1531 1532 1535 1540 1543 1562 1564 1576 1578 1595 1612 1622 1630 1641 1643 1650 1651 1671 1675 1683 1685 1690 1702 1725 1738 1745 1755 1757 1765 1768 1777 1835 1841 1852 1855 1857 1860 1867 1872 1880 1889 1899 1903 1927 1939 1974 1978 1979 1983 1986 1997 2001 2004 2016 2018 2020 2031 2043 2052 2062 2098 2104 2113 2117 2120 2121 2126 2134 2184 2200 2224 2249 2250 2262 2295 2304 2307 2314 2337 2347 2369 2393 2396 2399 2417 2431 2458 2472 2480 2482 2507 2511 2516 2529 2540 2544 2551 2562 2563 2567 2571 2576 2583 2591 2599 2602 2617 2619 2622 2629 2637 2654 2656 2667 2675 2681 2705 2708 2724 2725 2727 2729 2732 2757 2759 2760 2803 2805 2810 2863 2866 2890 2906 2923 2930 2953 2964 2966 2970 2994 2998 3003 3004 3014 3029 3043 3049 3058 3065 3073 3078 3079 3085 3095 3096 3104 3106 3112 3114 3119 3129 3141 3144 3152 3153 3159 3166 3181 3189 3192 3194 3196 3207 3209 3213 3230 3231 3241 3253 3256 3263 3268 3275 3278 3281 3282 3287 3294 3305 3317 3327 3355 3356 3357 3389 3399 3400 3410 3415 3455 3456 3479 3482 3496 3507 3519 3528 3546 3552 3562 3569 3570 3596 3598 3599 3605 3613 3621 3630 3632 3636 3647 3651 3659 3662 3665 3686 3690 3692 3695 3704 3710 3725 3736 3753 3758 3765 3794 3804 3808 3817 3832 3838 3848 3857 3879 3886 3891 3893 3897 3911 3920 3933 3954 3960 3964 3966 3986 4022 4023 4024 4026 4042 4050 4056 4075 4078 4079 4085 4111 4147 4157 4167 4189 4204 4206 4211 4231 4239 4270 4287 4289 4314 4316 4321 4330 4336 4337 4343 4349 4352 4365 4386 4387 4415 4417 4419 4427 4444 4455 4460 4462 4466 4471 4477 4491 4495 4507 4512 4535 4543 4545 4552 4573 4604 4606 4623 4638 4645 4662 4664 4673 4679 4690 4691 4694 4697 4700 4710 4730 4745 4752 4762 4764 4767 4770 4773 4775 4784 4793 4803 4814 4815 4818 4820 4843 4856 4864 4886 4887
predicted is: 4, ref is 1 
fileId is:    '/home/w328li/MLDSP-desktop/samples/order_const_factor_multifrag_6/o__Acetobacterales/RS_GCF_000527695.1.fasta'

predicted is: 13, ref is 6 
fileId is:    '/home/w328li/MLDSP-desktop/samples/order_const_factor_multifrag_6/o__Christensenellales/GB_GCA_002392505.1.fasta'

predicted is: 13, ref is 6 
fileId is:    '/home/w328li/MLDSP-desktop/samples/order_const_factor_multifrag_6/o__Christensenellales/GB_GCA_003249555.1.fasta'

predicted is: 15, ref is 8 
fileId is:    '/home/w328li/MLDSP-desktop/samples/order_const_factor_multifrag_6/o__Clostridiales/RS_GCF_900129965.1.fasta'

predicted is: 4, ref is 9 
fileId is:    '/home/w328li/MLDSP-desktop/samples/order_const_factor_multifrag_6/o__Ectothiorhodospirales/RS_GCF_000227725.1.fasta'

predicted is: 10, ref is 13 
fileId is:    '/home/w328li/MLDSP-desktop/samples/order_const_factor_multifrag_6/o__Oscillospirales/GB_GCA_002314555.1.fasta'

predicted is: 14, ref is 13 
fileId is:    '/home/w328li/MLDSP-desktop/samples/order_const_factor_multifrag_6/o__Oscillospirales/GB_GCA_900313925.1.fasta'

predicted is: 10, ref is 14 
fileId is:    '/home/w328li/MLDSP-desktop/samples/order_const_factor_multifrag_6/o__Peptostreptococcales/GB_GCA_002315535.1.fasta'

predicted is: 13, ref is 14 
fileId is:    '/home/w328li/MLDSP-desktop/samples/order_const_factor_multifrag_6/o__Peptostreptococcales/GB_GCA_002482405.1.fasta'

predicted is: 15, ref is 14 
fileId is:    '/home/w328li/MLDSP-desktop/samples/order_const_factor_multifrag_6/o__Peptostreptococcales/RS_GCF_000758885.1.fasta'

predicted is: 10, ref is 14 
fileId is:    '/home/w328li/MLDSP-desktop/samples/order_const_factor_multifrag_6/o__Peptostreptococcales/RS_GCF_900107405.1.fasta'

predicted is: 10, ref is 14 
fileId is:    '/home/w328li/MLDSP-desktop/samples/order_const_factor_multifrag_6/o__Peptostreptococcales/RS_GCF_900113635.1.fasta'

predicted is: 10, ref is 15 
fileId is:    '/home/w328li/MLDSP-desktop/samples/order_const_factor_multifrag_6/o__Tissierellales/GB_GCA_002479485.1.fasta'

predicted is: 10, ref is 15 
fileId is:    '/home/w328li/MLDSP-desktop/samples/order_const_factor_multifrag_6/o__Tissierellales/RS_GCF_000467935.1.fasta'

predicted is: 14, ref is 15 
fileId is:    '/home/w328li/MLDSP-desktop/samples/order_const_factor_multifrag_6/o__Tissierellales/RS_GCF_001559865.1.fasta'

(5,4):1
(6,10):1
(6,13):1
(7,4):1
(8,3):1
(14,10):2
(14,15):1
testInd = 3 4 6 12 14 35 38 56 60 69 70 80 99 105 107 139 142 150 159 169 174 176 182 206 210 211 216 223 224 229 233 241 262 277 287 297 316 321 334 339 341 345 346 354 363 374 380 388 397 402 403 408 419 429 443 456 481 492 499 512 520 521 528 538 544 548 562 588 590 594 599 605 611 616 630 636 641 651 654 661 663 690 693 696 708 709 711 716 718 725 726 744 758 774 777 782 795 801 815 818 824 842 845 849 870 885 889 901 910 913 922 924 934 942 962 971 982 1017 1029 1050 1079 1081 1088 1090 1109 1114 1129 1130 1133 1135 1137 1142 1157 1168 1173 1178 1182 1185 1191 1197 1207 1208 1209 1211 1220 1226 1236 1243 1245 1248 1277 1291 1292 1296 1301 1304 1306 1315 1320 1321 1347 1355 1381 1399 1400 1419 1463 1465 1476 1477 1513 1579 1586 1591 1593 1596 1597 1600 1602 1605 1614 1618 1660 1669 1687 1715 1720 1727 1739 1742 1746 1770 1772 1788 1806 1815 1818 1819 1820 1829 1843 1846 1848 1854 1863 1866 1870 1882 1887 1894 1896 1900 1913 1915 1936 1941 1944 1950 1951 1964 1967 1972 1989 1992 2002 2008 2010 2017 2022 2028 2029 2036 2055 2059 2066 2072 2078 2088 2100 2109 2110 2123 2136 2142 2146 2149 2169 2178 2189 2195 2198 2234 2260 2264 2270 2281 2283 2288 2291 2292 2299 2327 2343 2368 2370 2398 2409 2411 2415 2416 2419 2433 2476 2501 2509 2522 2524 2528 2532 2556 2566 2572 2582 2592 2600 2614 2638 2649 2660 2673 2674 2678 2706 2709 2711 2733 2734 2745 2774 2786 2789 2792 2793 2802 2838 2843 2850 2858 2868 2871 2900 2908 2924 2926 2950 2972 2976 2993 3012 3016 3022 3024 3048 3061 3081 3117 3118 3124 3133 3137 3150 3151 3173 3174 3190 3195 3199 3210 3223 3234 3262 3293 3306 3310 3314 3318 3324 3331 3333 3349 3361 3362 3363 3364 3367 3368 3377 3391 3392 3394 3409 3440 3441 3450 3463 3469 3491 3505 3506 3521 3526 3533 3534 3539 3554 3606 3611 3614 3635 3642 3646 3648 3661 3676 3681 3682 3699 3723 3734 3737 3748 3756 3757 3777 3785 3791 3802 3811 3812 3815 3829 3851 3863 3867 3877 3892 3894 3905 3910 3922 3927 3930 3988 3994 4013 4044 4052 4065 4089 4095 4098 4117 4130 4134 4144 4146 4162 4169 4171 4188 4214 4224 4227 4233 4237 4274 4286 4304 4319 4353 4359 4362 4369 4371 4377 4397 4401 4405 4422 4425 4436 4447 4453 4464 4474 4483 4496 4509 4519 4527 4539 4549 4551 4569 4571 4590 4639 4657 4658 4684 4701 4717 4729 4731 4749 4755 4780 4782 4794 4799 4808 4816 4822 4825 4834 4848 4860 4863 4898 4902
predicted is: 4, ref is 5 
fileId is:    '/home/w328li/MLDSP-desktop/samples/order_const_factor_multifrag_6/o__Caulobacterales/RS_GCF_000378345.1.fasta'

predicted is: 13, ref is 6 
fileId is:    '/home/w328li/MLDSP-desktop/samples/order_const_factor_multifrag_6/o__Christensenellales/GB_GCA_002329335.1.fasta'

predicted is: 10, ref is 6 
fileId is:    '/home/w328li/MLDSP-desktop/samples/order_const_factor_multifrag_6/o__Christensenellales/GB_GCA_003149735.1.fasta'

predicted is: 4, ref is 7 
fileId is:    '/home/w328li/MLDSP-desktop/samples/order_const_factor_multifrag_6/o__Chromatiales/RS_GCF_002813775.1.fasta'

predicted is: 3, ref is 8 
fileId is:    '/home/w328li/MLDSP-desktop/samples/order_const_factor_multifrag_6/o__Clostridiales/RS_GCF_000633595.2.fasta'

predicted is: 10, ref is 14 
fileId is:    '/home/w328li/MLDSP-desktop/samples/order_const_factor_multifrag_6/o__Peptostreptococcales/GB_GCA_900321625.1.fasta'

predicted is: 10, ref is 14 
fileId is:    '/home/w328li/MLDSP-desktop/samples/order_const_factor_multifrag_6/o__Peptostreptococcales/RS_GCF_000688015.1.fasta'

predicted is: 15, ref is 14 
fileId is:    '/home/w328li/MLDSP-desktop/samples/order_const_factor_multifrag_6/o__Peptostreptococcales/RS_GCF_900100845.1.fasta'

        ClassifierModel         Accuracy
    ________________________    ________

    {'LinearDiscriminant'  }      97.2  
    {'LinearSVM'           }      88.6  
    {'QuadraticSVM'        }        93  
    {'FineKNN'             }      84.4  
    {'SubspaceDiscriminant'}      92.5  
    {'SubspaceKNN'         }      84.5  
    {'AverageAccuracy'     }        90  

Process completed 
[?1l>